
CONSTRAINT EXCEEDED!
Wind Directions: [   0.    22.5   45.    67.5   90.   112.5  135.   157.5  180.   202.5
  225.   247.5  270.   292.5  315.   337.5] degrees
AEP: 7689510.82471 kWh
X-locations (initial): [ 1550.  1900.  2300.  2200.  2400.  2300.  2300.  2300.   220.   350.
   350.   100.   900.   900.   800.  1100.  1300.] m
X-locations (final): [ 1613.26940443  1857.83399522  2450.58384356  2199.02628329  2530.55640548
  2324.62423421  2122.03016954  2361.           287.93048696   352.69299819
   168.53013337   257.24630687  1000.          1000.          1000.
  1244.11820376  1410.        ] m
Y-locations (initial): [ 4020.  4100.  3900.  3700.  3700.  3400.  3200.  3100.  1100.  1000.
   800.   600.  1000.   900.   600.   300.   200.] m
Y-locations (final): [ 4161.2244336   4393.          3756.97619131  3459.98622002  3663.95741961
  3421.32914909  3131.10757459  3121.64725003  1410.          1289.58247935
   596.84514737   684.50586246  1210.          1148.08989595   743.639411
     0.             0.        ] m
RPM: [[  6.42929198e+00   8.53746699e+00   9.92830031e+00   1.01830112e+01
    1.18273107e+01   1.18157707e+01   1.22992928e+01   1.62653780e+01
    4.35936935e+00   9.09777200e+00   2.96946324e-06   1.26201197e-06
    1.95989447e+00   4.26932016e-02   1.31185367e+00   8.54881528e+00
    1.19143502e+01]
 [  1.16661494e+01   6.55891345e+00   4.11485489e+00   2.88080722e+00
    1.04734221e+01   1.04120895e+01   1.18408697e+01   1.87706686e+01
    3.91431926e+00   1.63081251e+00   8.74447824e+00   1.77786927e+00
    8.81720252e+00   6.35318278e+00   1.70641153e+00   6.97584538e+00
    1.35341745e+01]
 [  6.02597234e+00   2.48817279e+00   5.22518065e+00   8.04248839e+00
    1.07160069e+01   1.41248593e+01   1.59581874e+01   1.87706685e+01
    4.11418437e+00   2.33287615e-01   3.78527720e-01   1.82880197e+00
    7.77555063e+00   5.52568682e+00   1.20207638e+00   8.60080146e+00
    1.24822360e+01]
 [  4.20713810e+00   7.03297460e+00   1.00376469e+01   8.30354755e+00
    1.24206916e+01   1.13201182e+01   1.48517588e+01   1.56150103e+01
    2.73035494e+00   6.01993233e-07   9.09709134e+00   5.35402418e-01
    6.42965147e+00   5.05384035e+00   1.02927724e+00   9.48819726e+00
    1.19394632e+01]
 [  8.46514798e+00   7.93961874e+00   8.24047267e+00   7.51670006e+00
    1.21417600e+01   1.27477377e+01   1.46272868e+01   1.87944183e+01
    2.92828052e+00   1.77558903e-06   9.11626563e-07   1.12080320e+00
    7.74188246e-01   1.08954040e-06   9.09709133e+00   9.64028989e+00
    1.11020132e+01]
 [  1.01539403e+01   7.38870996e+00   9.68743673e+00   7.48280892e+00
    1.30188302e+01   1.28468138e+01   1.56542610e+01   1.67510337e+01
    1.22219112e+00   1.38149771e+00   1.96377879e-06   8.76591412e-01
    4.60228076e+00   3.30131270e+00   1.75072375e-06   2.93958438e+00
    1.40259188e+01]
 [  1.01367480e+01   7.60889549e+00   1.07876651e+01   8.63858253e+00
    1.18752936e+01   1.35056213e+01   1.30889167e+01   1.61925567e+01
    1.04328897e+00   5.75825858e-07   5.97464190e-08   5.97725159e-08
    4.07541523e+00   4.45406819e-01   4.69219212e+00   5.34022722e+00
    6.81683831e+00]
 [  6.10889547e+00   6.40050018e+00   6.33500812e+00   1.09122172e+01
    1.40425041e+01   1.15254513e+01   1.60251380e+01   1.44003063e+01
    6.72732160e+00   4.67052784e-03   1.83492237e+00   1.75673103e+00
    4.35991822e+00   4.31209003e+00   2.15706474e-01   8.51606750e+00
    1.16495567e+01]
 [  8.17165492e+00   1.11943333e+01   1.11439613e+01   9.69952205e+00
    7.89704061e+00   9.53714370e+00   1.20758062e+01   1.54702045e+01
    1.60364142e-06   1.25764987e-06   9.09750107e+00   9.09709134e+00
    3.15011828e-01   9.16830891e-01   1.12113590e-01   1.11420569e+01
    1.00079573e+01]
 [  1.13385032e+01   6.01764112e+00   4.84166321e+00   7.56216066e+00
    6.81248358e+00   1.34046343e+01   1.43669453e+01   1.64798313e+01
    6.03238885e+00   9.09767494e+00   3.68910175e+00   3.18700504e+00
    7.43579786e+00   3.54384695e+00   7.64331866e-01   8.65354468e+00
    1.19541909e+01]
 [  1.19842026e+01   7.82056768e+00   1.03170495e+01   5.78253924e+00
    1.26449619e+01   1.05820955e+01   1.39277551e+01   1.52822041e+01
    4.92263073e+00   9.09774616e+00   3.64790367e-02   2.26051757e+00
    3.00144862e+00   2.58577510e+00   1.99381330e+00   9.57411892e+00
    1.30326032e+01]
 [  1.04553164e+01   6.92746579e+00   1.12738403e+01   6.59278066e+00
    1.24095675e+01   1.37068067e+01   1.54534747e+01   1.60168069e+01
    6.09603977e+00   1.45421290e-10   7.33138416e-09   9.09709134e+00
    9.18334200e-07   1.46210510e+00   8.76159801e-01   7.81444107e+00
    1.19946525e+01]
 [  9.05899764e+00   8.59596700e+00   9.81850490e+00   8.36635646e+00
    1.15841938e+01   1.36003111e+01   1.49250498e+01   1.61906138e+01
    4.60075238e+00   9.09814209e+00   9.09757038e+00   1.69786854e-01
    1.60417592e-06   4.56908237e-01   3.30052026e-06   9.64670950e+00
    1.16577757e+01]
 [  8.90815102e+00   8.18688619e+00   9.00064208e+00   9.50325839e+00
    1.13169484e+01   1.38472622e+01   1.58164341e+01   1.69927454e+01
    4.17926927e+00   9.43389703e-01   3.67858298e-02   3.31983741e-01
    4.00583898e+00   1.83102988e+00   5.82626986e-08   2.46237045e+00
    1.44413227e+01]
 [  8.42463261e+00   6.82086690e+00   8.63893371e+00   7.35055290e+00
    9.89800218e+00   1.33967368e+01   1.49631012e+01   1.87708314e+01
    3.10241395e+00   9.09786154e+00   2.68001930e-07   1.35905964e-06
    5.57251053e+00   2.48169334e+00   8.06182045e+00   3.19736892e+00
    3.16302863e+00]
 [  8.55788041e+00   7.70449063e+00   7.98631708e+00   7.69599439e+00
    1.01436682e+01   1.38129376e+01   1.56284932e+01   1.87710066e+01
    6.58429530e+00   2.78283053e+00   8.81107843e-01   1.56327354e+00
    7.49338038e+00   3.00872634e+00   7.64208903e-01   8.08533742e+00
    1.17698337e+01]]
Effective wind speeds: [[ 15.          15.          15.          15.          15.          15.
   15.          14.9910232   15.          15.          15.          14.9954463
   15.          14.98337647  14.995355    15.          14.99998751]
 [ 15.          15.          15.          15.          15.          14.99015874
   14.99968558  14.99931675  14.99991239  14.99650072  14.99740866
   14.99807318  15.          14.97534609  14.99960753  14.99957928  15.        ]
 [ 14.99076184  15.          15.          14.99728484  15.          14.97923963
   14.99999562  15.          14.98736671  14.98644937  14.98701129
   14.99995916  15.          14.99997771  15.          15.          15.        ]
 [ 15.          15.          15.          14.99994009  15.          15.
   15.          15.          15.          15.          14.99999891  15.
   15.          15.          15.          14.99999997  15.        ]
 [ 15.          15.          15.          14.94283826  15.          15.
   14.12422602  15.          15.          14.99999098  15.          14.99967807
   15.          15.          15.          14.84042875  15.        ]
 [ 14.99544779  15.          14.9989298   14.82033877  15.          15.
   15.          15.          14.99846028  15.          14.99766026  15.
   15.          15.          15.          15.          15.        ]
 [ 14.95842856  14.97247259  14.74697405  15.          15.          15.
   15.          15.          14.99813719  14.99994216  15.          15.
   14.99977278  15.          15.          15.          15.        ]
 [ 14.99843895  14.96341941  14.99011329  14.90625121  15.          15.
   15.          15.          14.99998442  15.          15.          15.
   14.97801217  14.99487507  14.99810242  15.          15.        ]
 [ 14.99996958  15.          14.99979321  15.          15.          14.97465218
   15.          15.          14.98648743  15.          15.          15.
   14.99250827  14.99969803  15.          15.          15.        ]
 [ 14.99839014  14.99971058  14.8798264   14.99948359  14.99628313
   14.99998743  14.99999658  14.99996969  15.          15.          15.
   14.99893526  14.99287279  15.          15.          15.          15.        ]
 [ 15.          14.87394505  14.99692667  14.99997584  14.98011842
   14.99923964  14.9981202   14.9999381   15.          15.          15.
   14.99975726  14.99999411  15.          15.          15.          15.        ]
 [ 15.          15.          15.          15.          14.99998833  15.
   15.          15.          15.          15.          15.          15.
   15.          15.          15.          15.          14.99999999]
 [ 15.          15.          15.          15.          15.          14.98500898
   15.          14.58662887  15.          15.          15.          15.
   14.99983046  15.          14.99999633  15.          14.8991492 ]
 [ 15.          15.          14.99637207  15.          14.99969332
   14.9378816   15.          15.          15.          15.          15.
   15.          15.          14.99800123  15.          15.          14.99999875]
 [ 15.          15.          14.99323082  14.99977318  14.90623499
   14.99119652  15.          15.          15.          14.99614163  15.
   15.          15.          14.99663339  14.99881341  15.          15.        ]
 [ 15.          15.          15.          14.99507506  14.99838548
   14.99975508  14.99981921  14.98616524  15.          14.97232242  15.
   15.          15.          14.95557942  15.          14.99988412
   14.99945779]] m/s
Max SPL: 44.1714415605 dB
SPL: [[ 39.6426314   42.48157599  42.9963351   43.05200104  39.77945284
   39.23111317  43.72276783  43.30334651  43.92273339  43.7204045
   42.62352723  42.27656209]
 [ 38.40688747  41.89749101  42.81773842  42.80299787  39.50406017
   39.07770099  43.92307596  43.32000186  44.0929156   43.52939368
   42.70968808  42.35570674]
 [ 38.99029607  42.16637057  43.01049187  43.08715819  39.99041671
   39.46117884  43.80535429  43.20081076  43.96166959  43.87682615
   42.67468992  42.53383464]
 [ 38.89040606  42.20407731  43.10194721  43.27530579  40.00989765
   39.47854397  43.74699679  43.29857514  44.11495765  43.93012637
   42.61337015  42.2158978 ]
 [ 39.12065667  42.60792749  43.0732698   43.18518227  39.91952007
   39.43108617  43.72150018  43.27698498  43.93506638  43.88596299
   42.7153825   42.55000876]
 [ 38.94388872  42.47772509  43.0807854   43.07183991  39.99672499
   39.83312831  43.7014279   43.24765385  44.05122224  43.85278825
   42.23210714  42.40999607]
 [ 38.97785899  42.47040801  43.04199929  43.09857983  39.87291734
   39.33829847  43.66324556  43.27450096  43.04764008  43.85165653
   42.67158414  42.32253139]
 [ 39.049036    42.47031331  43.28194724  43.34012953  40.15545706
   39.62111004  43.72176101  43.35012751  43.87256659  43.90015318
   42.65360569  42.3000013 ]
 [ 39.92360094  42.80550185  43.30488547  43.34980216  39.98671706
   39.43040372  43.75498763  43.46439581  44.17144156  43.91226004
   42.72987284  42.46746165]
 [ 39.10184239  42.71274207  43.08867324  43.10343651  40.09197843
   39.68261861  43.96786517  43.38986613  44.11557806  43.55324481
   42.6408779   42.19204205]
 [ 38.79770183  41.94266326  42.92870436  43.02293542  39.79865218
   39.27457151  43.76241364  43.22396719  43.96884661  43.86930073
   42.62386429  42.46829095]
 [ 39.0895895   42.45153376  43.19183178  43.34664443  40.09802074
   39.56553481  43.73771497  43.32273278  44.01241333  43.96417371
   42.61594157  42.2387089 ]
 [ 39.10434672  42.47938549  43.33569745  43.44071559  40.16051498
   39.6785219   43.77412164  43.41838506  44.12803181  43.96386246
   42.67412143  42.56516607]
 [ 38.88147942  42.35828125  43.19089308  43.17559695  40.04514392
   39.84927065  43.71784369  43.26661181  44.05840873  43.86304975
   42.25978933  42.46846045]
 [ 39.0529496   42.54326759  43.16035593  43.21263142  39.98099352
   39.44321153  43.81486375  43.32796778  43.07797379  43.91888647
   42.84560805  42.39406085]
 [ 39.13860502  42.62684753  43.2276218   43.28559347  40.08041801
   39.54284535  43.72552328  43.33560152  43.84095897  43.88262572
   42.63916982  42.27554755]] dB
