
CONSTRAINT EXCEEDED!
Wind Directions: [   0.    22.5   45.    67.5   90.   112.5  135.   157.5  180.   202.5
  225.   247.5  270.   292.5  315.   337.5] degrees
AEP: 16481176.6731 kWh
X-locations (initial): [ 1550.  1900.  2300.  2200.  2400.  2300.  2300.  2300.   220.   350.
   350.   100.   900.   900.   800.  1100.  1300.] m
X-locations (final): [ 1598.59081802  1808.06185852  2437.7869057   2294.23248965  2480.05876502
  2379.09258242  2330.97540144  2335.38829468   123.13541145   162.71799306
   429.05686121   194.17695587   958.01359784   955.92043508   776.41914697
  1051.63613779  1363.81495762] m
Y-locations (initial): [ 4020.  4100.  3900.  3700.  3700.  3400.  3200.  3100.  1100.  1000.
   800.   600.  1000.   900.   600.   300.   200.] m
Y-locations (final): [ 4021.16792955  4133.5952548   3741.73364341  3502.47507347  3531.13304191
  3375.22301222  3194.04518524  3055.32952966  1279.8421533    977.68150595
   971.83945074   675.64795362  1121.82855546  1078.05642475   721.82855546
   125.95920648    83.97280432] m
RPM: [[ 11.96612462  12.09430481  11.96612462  11.96612462  11.96612462
   11.96612462  11.96612462  11.96612462  11.96612462  12.57372388
   12.20083069  11.96612462  12.45146006  26.56836036  11.96612462
   11.96612462  11.96612462]
 [ 11.96612462  12.27506836  12.39326729  12.50392806  12.186672
   12.08208437  11.96612462  11.96612462  11.96612462  12.8009452
   12.41291293  11.96612462  12.40573758  13.00020395  11.99857733
   11.96612462  11.96612462]
 [ 11.96612462  11.9661621   11.96612462  11.96612462  11.96612462
   11.96612462  11.96612462  11.96612462  11.96612462  11.96612462
   11.96986195  11.96612462  11.96612462  11.96612462  12.07758402
   12.51995082  11.97540378]
 [ 11.96612462  11.96612462  11.96612462  11.96612462  11.96612462
   11.96612462  11.96612462  11.96612462  26.33324341  26.36162045
   13.33688585  13.31079301  26.38550701  26.27198677  12.94485286
   11.97166352  11.97055698]
 [ 11.96612462  11.96612462  12.11867145  12.22188523  12.12033748
   12.12389254  12.1156285   12.10026107  12.48806831  12.87210504
   12.2125385   12.04941608  13.15472386  16.6241577   12.04941608
   12.04788046  12.0309207 ]
 [ 11.96612462  12.36654992  11.96612462  11.96612462  11.96612462
   11.96612462  11.96612462  11.96612462  12.22008942  12.19271533
   12.09990151  17.56093935  11.96612462  11.96612462  11.96612462
   11.96612462  11.96612462]
 [ 11.96612462  11.96612462  12.83001273  11.96612462  11.96612462
   11.96612462  11.96612462  11.96612462  26.42709961  12.82657945
   12.33582163  12.97076175  11.96612462  11.97154061  11.96612462
   12.05309882  11.97310153]
 [ 11.96612462  12.03950881  12.33602266  12.26674956  12.22469108
   11.9904074   12.03114913  12.03286283  15.68192572  12.96690584
   12.22769502  12.4276852   22.49149937  13.42550294  11.96612462
   11.96612462  11.96612462]
 [ 11.96612462  11.96612462  11.96612462  11.96612462  11.96612462
   11.97771399  11.97433696  11.96612462  12.5549699   12.97163833
   26.25718157  11.96612462  12.55863999  26.38895242  12.83297293
   11.96612462  11.96612462]
 [ 11.96612462  12.15177743  14.18356009  12.0763123   12.29296531
   11.96612462  11.96612462  11.96612462  11.96612462  11.97977337
   12.15116572  11.96612462  11.96612462  11.96612462  11.96612462
   12.02356205  12.00185295]
 [ 11.96612462  11.96612462  11.96612462  11.96612462  11.96612462
   11.96612462  11.96612462  11.96612462  11.96612462  11.96612462
   12.01557116  11.96612462  11.96612462  11.96612462  12.07043237
   12.49748833  11.97375682]
 [ 12.47496506  11.96612462  11.96612462  11.96612462  11.96612462
   11.96612462  11.96612462  11.96612462  12.9570616   12.29864426
   23.02268172  12.93592084  12.08066357  12.11793194  12.21898998
   11.96612462  11.96612462]
 [ 11.977484    11.96996229  12.57678921  12.27303858  11.9838096
   12.31073809  12.30604574  12.28772664  11.99054455  12.32569308
   12.88628263  13.83999923  12.1052999   12.04436815  12.18366669
   11.9898215   11.96612462]
 [ 11.96612462  11.96612462  11.96612462  11.96612462  11.96612462
   11.96612462  11.96612462  11.96612462  25.98747037  12.89790071
   12.94754148  26.31808389  11.96612462  11.96612462  11.96612462
   11.96612462  11.96612462]
 [ 11.96612462  11.96612462  12.80862955  12.03070209  11.96612462
   11.96612462  11.96612462  11.96612462  26.39760304  12.65876577
   12.37537066  13.42202827  11.96612462  11.96612462  11.96612462
   11.96612462  11.96612462]
 [ 11.96999598  11.96612462  11.96612462  11.96612462  12.01644324
   12.00279522  11.96612462  11.96612462  25.98675862  12.95670307
   21.61008518  14.99306618  14.02905157  12.88882834  11.96612462
   11.96612462  13.16579061]]
Effective wind speeds: [[ 15.          15.          15.          15.          14.99797289
   14.99764161  14.98519141  14.79978488  15.          14.99460211  15.
   14.97821484  15.          14.61768576  15.          14.99971547
   14.99995008]
 [ 15.          15.          15.          14.964895    15.          14.92599212
   14.87003016  14.99861305  15.          14.9999076   14.99623335
   14.99683956  15.          14.83308812  14.86488457  14.99277617
   14.99999953]
 [ 14.99999932  15.          15.          15.          15.          14.99490531
   15.          15.          14.99469725  14.99421393  14.99987021
   14.99717868  15.          14.96655745  15.          15.          15.        ]
 [ 14.95499738  15.          15.          14.97940184  15.          15.
   15.          15.          15.          15.          14.98367638
   14.99814579  15.          14.97249071  15.          15.          15.        ]
 [ 15.          15.          15.          14.96950759  15.          15.
   15.          15.          15.          14.82728618  15.          14.99719329
   15.          15.          15.          14.97253929  15.        ]
 [ 14.99925364  15.          15.          15.          15.          15.
   15.          15.          15.          14.95203228  15.          14.99956152
   14.97585024  15.          15.          15.          15.        ]
 [ 14.99709872  14.99707315  15.          14.90443978  15.          15.
   15.          15.          14.89736661  14.98495225  14.98915188  15.
   14.91914615  15.          14.97578542  15.          15.        ]
 [ 15.          14.99943245  14.96664678  14.97288402  15.          15.
   14.99115097  15.          15.          15.          15.          15.
   14.65175457  14.9755982   14.97875331  15.          15.        ]
 [ 14.99995008  15.          14.99687132  14.98924022  15.          14.9743596
   14.80187548  15.          14.99255437  14.98208981  15.          15.
   11.50478026  14.99997528  15.          15.          15.        ]
 [ 14.99667333  14.99650371  14.96828951  14.99991317  14.86729367
   14.95529361  14.99622317  14.99619017  15.          15.          15.
   15.          14.82812414  14.9389493   15.          15.          15.        ]
 [ 15.          14.99999932  14.99988542  14.99597867  14.99384644
   14.99979802  14.99594657  14.99586973  15.          15.          14.99718344
   15.          14.96655745  15.          15.          15.          15.        ]
 [ 15.          14.94700582  15.          15.          14.97940184  15.
   15.          15.          15.          15.          15.          15.
   14.98704201  14.99976357  15.          15.          15.        ]
 [ 15.          15.          15.          15.          14.96797012  15.
   15.          15.          15.          15.          14.82090128  15.
   15.          15.          14.99515647  15.          14.97290372]
 [ 15.          15.          14.9992539   15.          14.9999802   15.
   15.          15.          15.          15.          15.          15.
   15.          14.97585024  14.93561217  15.          14.99533093]
 [ 15.          15.          15.          14.99997873  14.99707323
   14.9024111   14.99709932  15.          15.          15.          14.03336172
   15.          15.          14.91928861  14.99408384  14.98175568
   14.89222802]
 [ 15.          15.          15.          15.          14.96932531
   14.97309749  15.          14.99132317  15.          15.          15.
   15.          15.          14.58984608  15.          14.97875331
   14.94401629]] m/s
Max SPL: 50.042783503 dB
SPL: [[ 37.88031874  40.18873481  42.97377962  43.1711396   40.15495508
   39.573829    47.60710407  45.82598612  42.34340804  44.51626007
   44.15182869  43.07740352]
 [ 38.40826847  40.15501209  42.77877494  42.92223847  40.20278816
   39.79738786  45.9423043   45.70808481  42.06808216  43.78686504
   43.44204153  42.35103641]
 [ 37.86720136  40.14265455  42.85572365  43.0318362   39.96641035
   39.28336793  46.46771914  45.1867796   42.00283654  43.94930823
   43.47653307  42.36791828]
 [ 38.08677195  40.2907589   42.8543545   43.36338643  40.32350517
   39.71680881  49.14362336  49.32876731  44.28174367  46.0447825
   44.76398755  44.80061644]
 [ 37.79046981  40.11915878  42.80495349  43.14706754  40.03649969
   39.48982002  47.15186509  45.74953069  42.15297417  44.17428743
   43.62960573  42.57390617]
 [ 37.75136016  40.2035042   43.02927502  43.2319843   39.89719336
   39.35443508  46.80860859  45.37809112  41.6257504   43.82575256
   43.40134711  42.42376348]
 [ 37.83867344  40.15179535  42.86445257  43.1940632   40.0670981
   39.3978361   47.25390612  46.45703676  42.18658069  44.44544426
   43.69244407  42.51936151]
 [ 37.81317293  40.14370731  42.83849283  43.17588029  40.06375759
   39.39519223  47.20907646  45.89759742  42.37026244  44.27589781
   43.80212818  42.70160175]
 [ 37.96294975  40.2297722   43.00573607  43.20062211  40.23977153
   39.67231485  50.0427835   46.68242504  43.15339489  45.71771764
   44.70001607  43.41932146]
 [ 38.37910839  40.13294619  42.86777539  42.98741305  40.11930522
   39.64479361  46.00263974  45.57390134  42.04759535  43.81334296
   43.51821217  42.42291559]
 [ 37.86684818  40.14236038  42.85501634  43.03116316  39.96585952
   39.28281797  46.47413852  45.19077326  42.00544957  43.95141526
   43.47493685  42.36568829]
 [ 37.82264703  40.17440408  42.7580337   43.27762977  40.06913929
   39.39274955  48.51921161  46.16173255  42.65455397  44.75977003
   43.19043736  42.74689168]
 [ 37.78273683  40.11917698  42.84150821  43.17867192  40.03550254
   39.48291444  47.00316058  45.85641856  42.45920334  44.23506407
   43.47464125  42.36162882]
 [ 37.90019268  40.40160287  43.04336957  43.23921475  40.18360066
   39.94256817  47.84883873  48.1365978   45.49640597  46.19004143
   44.14802353  42.93567943]
 [ 37.84911027  40.15874231  42.87059712  43.20049333  40.07777848
   39.40990354  47.57111939  46.54983455  42.33226115  44.60760202
   43.73952402  42.5287786 ]
 [ 37.86709347  40.16512732  42.81057644  43.15050562  40.10235843
   39.44802441  48.23083698  46.93682304  43.44321433  45.05658556
   44.00288283  42.86498224]] dB
