
CONSTRAINT EXCEEDED!
Wind Directions: [   0.    22.5   45.    67.5   90.   112.5  135.   157.5  180.   202.5
  225.   247.5  270.   292.5  315.   337.5] degrees
AEP: 26609.6276079 kWh
X-locations (initial): [ 1550.  1900.  2300.  2200.  2400.  2300.  2300.  2300.   220.   350.
   350.   100.   900.   900.   800.  1100.  1300.] m
X-locations (final): [ 1734.          2121.          2537.91320188  2537.99991035  2538.          2538.
  2360.99953887  2360.9969741     54.11754018     0.           570.           570.
   999.99998065   999.99776596  1000.          1409.96028472  1410.        ] m
Y-locations (initial): [ 4020.  4100.  3900.  3700.  3700.  3400.  3200.  3100.  1100.  1000.
   800.   600.  1000.   900.   600.   300.   200.] m
Y-locations (final): [  4.01329418e+03   4.39300000e+03   3.35301349e+03   3.35300004e+03
   3.43373202e+03   3.35300000e+03   3.02300000e+03   3.02300000e+03
   1.41000000e+03   1.41000000e+03   1.41000000e+03   4.00000000e+02
   1.20999998e+03   1.20999800e+03   8.10000000e+02   0.00000000e+00
   1.32941006e-01] m
RPM: [[  1.92950678e-06   6.99014971e-06   7.49329566e-07   2.08919552e-05
    5.79044895e-01   2.78607776e-07   2.82731236e-07   2.75521829e-07
    2.33329637e-07   2.72727833e-07   6.33321517e-02   1.01358413e-07
    4.02859121e-01   7.33114289e-08   5.46608731e-08   2.48172043e-06
    2.50549495e-01]
 [  2.44620457e-03   2.47704312e-04   1.79301708e-05   1.21165762e-04
    2.41967162e-02   5.44388329e-01   2.42133924e-01   1.90957876e-05
    1.05690525e-02   1.73602886e-06   4.43681868e-07   3.10103227e-06
    2.51333620e-01   7.06756123e-08   1.44617955e-06   4.51963175e-07
    2.50018481e-01]
 [  9.87065431e-07   8.28720976e-02   3.53887845e-07   2.54148317e-06
    8.85615698e-08   5.15542702e-01   2.50535748e-01   3.29419447e-05
    3.06413039e-02   5.59447657e-05   2.47688403e-05   9.27937421e-08
    2.47309636e-01   1.07334574e-05   6.32117627e-02   3.49222857e-07
    2.49668829e-01]
 [  3.03274690e-06   3.12367424e-05   2.71197057e-05   2.17799117e-06
    3.95079091e-05   5.10470553e-01   2.50028346e-01   0.00000000e+00
    1.40374201e-01   0.00000000e+00   6.33759479e-05   2.22284125e-06
    2.50902928e-01   1.34371252e-05   0.00000000e+00   3.66208087e-07
    2.45749950e-01]
 [  0.00000000e+00   2.24689006e-06   1.20330120e-07   1.59120245e-05
    0.00000000e+00   5.10018740e-01   2.50552641e-01   2.83071361e-06
    3.39434704e-01   4.93595866e-08   5.37037304e-02   1.30680446e-07
    2.49346186e-01   1.37051157e-06   2.74636182e-05   9.70692591e-06
    2.48304954e-01]
 [  0.00000000e+00   2.18572666e-06   5.39546199e-07   7.27843476e-06
    3.66526401e-05   5.10009802e-01   2.50431678e-01   4.26661777e-05
    6.29176108e-02   4.69638833e-07   5.29148668e-07   2.99525027e-05
    3.06148994e-01   5.33447463e-07   8.52369322e-06   2.92483977e-01
    3.34692100e-06]
 [  4.24134700e-10   4.17212882e-10   9.14223426e-06   1.39850677e-05
    1.17854587e-06   5.09784440e-01   2.48952879e-01   5.20587229e-08
    0.00000000e+00   0.00000000e+00   5.80601833e-08   6.76780331e-06
    2.37398372e-01   1.99797764e-03   1.21829938e-05   2.65559400e-01
    1.61680480e-07]
 [  0.00000000e+00   0.00000000e+00   3.53418754e-05   0.00000000e+00
    0.00000000e+00   6.45923293e-01   2.48073373e-01   1.93803525e-05
    1.88481354e-05   1.90935626e-05   1.13543189e-06   1.65619526e-03
    9.39495934e-06   2.49180311e-01   2.32365833e-10   2.45842029e-01
    9.72201064e-07]
 [  1.48514103e-04   3.28326559e-10   1.82483063e-05   1.77659279e-06
    6.94993687e-05   7.47885176e-01   2.66034024e-05   2.63381896e-05
    2.50247174e-05   3.24511729e-05   3.48483351e-05   6.22031630e-03
    8.47933601e-07   2.50011481e-01   3.70487231e-02   2.51139386e-01
    4.06665805e-05]
 [  3.28945364e-10   1.08831925e-05   5.19536655e-01   1.69090723e-06
    9.92220939e-06   1.16444675e-07   6.65567944e-06   3.65909706e-01
    4.31570159e-05   1.68459668e-03   1.10035302e-02   4.60030133e-03
    9.54016371e-07   2.46385111e-01   9.14289347e-06   2.49126044e-01
    9.61342482e-07]
 [  2.33403948e-02   0.00000000e+00   5.12415908e-01   9.71956703e-06
    9.70039603e-06   0.00000000e+00   4.43123587e-05   2.50567993e-01
    1.99681973e-05   3.20003128e-02   1.12864120e-02   1.92367438e-02
    6.94724603e-08   2.46341046e-01   3.44150841e-06   2.49749277e-01
    1.43474210e-05]
 [  1.91639563e-07   9.82821885e-07   5.10901271e-01   4.15201736e-06
    3.72677441e-06   5.35687030e-08   2.14567505e-06   2.49831892e-01
    1.01761936e-07   1.39413356e-01   1.24584843e-06   7.95599259e-06
    9.80162602e-07   2.45289185e-01   1.24962333e-06   2.44307595e-01
    2.52918163e-06]
 [  6.14033356e-06   2.80562809e-06   5.10033009e-01   9.16865747e-06
    3.46551441e-06   4.39248823e-06   2.02899608e-05   2.50291158e-01
    2.84857708e-05   1.61986595e-01   9.57060345e-06   4.81002439e-06
    7.04217307e-07   2.47772886e-01   2.56833172e-07   2.48730407e-01
    7.50281643e-06]
 [  0.00000000e+00   0.00000000e+00   5.09277627e-01   1.03275411e-05
    1.02227537e-05   5.22404667e-05   2.32524690e-05   2.50344297e-01
    3.12284354e-10   6.36399280e-02   4.93353164e-02   1.00951092e-02
    4.92501275e-08   2.32318619e-01   8.41178757e-05   8.62964720e-06
    2.52353824e-01]
 [  2.44705560e-04   0.00000000e+00   5.08489256e-01   1.60081424e-02
    1.18194365e-05   5.45207303e-05   3.66443766e-07   2.49000466e-01
    8.59812040e-05   8.79613372e-03   3.70375672e-06   9.06949667e-05
    1.99993938e-03   2.50647475e-01   1.65462082e-05   4.96967884e-08
    2.51787648e-01]
 [  5.13649219e-06   5.19792374e-03   5.07233828e-01   2.04786882e-05
    6.89169824e-02   1.00589067e-05   1.22126242e-05   2.47935418e-01
    4.22568574e-03   1.13334713e-04   1.35951841e-04   2.22304142e-06
    2.49799632e-01   8.36871575e-05   9.49995504e-06   3.48827230e-05
    2.47029576e-01]]
Effective wind speeds: [[ 15.          15.          14.9955718   14.99558375  15.          14.99558376
   15.          15.          15.          15.          15.          14.99995417
   15.          14.99626826  14.99888774  14.99768887  15.        ]
 [ 15.          15.          14.99491639  14.99493174  15.          14.99998322
   14.99942007  14.99769569  15.          14.9999994   14.9999998
   14.99999674  15.          14.99768452  15.          14.99769825
   14.99999962]
 [ 14.99985184  15.          14.9951934   14.99520535  15.          15.
   15.          14.9976919   15.          14.99996449  14.99992683
   14.9999024   15.          14.99772201  15.          14.99770573  15.        ]
 [ 15.          15.          14.99524592  14.9952534   15.          15.
   15.          14.99769668  15.          14.99925341  15.          15.
   15.          14.99768872  15.          14.99774537  15.        ]
 [ 15.          15.          14.9952557   14.99525768  15.          15.
   15.          14.99769189  14.9998976   14.99722269  15.          15.
   15.          14.99770326  15.          14.99772372  15.        ]
 [ 15.          15.          14.99526158  14.99525777  15.          15.
   15.          14.99769309  15.          14.99984803  14.99937515
   14.9998965   15.          14.99717441  15.          15.          14.99728832]
 [ 14.99999975  15.          14.99526893  14.99525991  15.          15.
   15.          14.99770691  14.99993429  14.99993421  15.          15.
   15.          14.99781432  15.          15.          14.99754179]
 [ 15.          14.99958946  14.99398061  14.99396423  14.99828527  15.
   15.          14.99771512  14.99999999  15.          15.          15.
   14.99770441  14.99999599  14.9999963   15.          14.99772876]
 [ 15.          15.          14.99300708  14.99298526  14.99426068  15.
   15.          15.          15.          15.          14.99999551  15.
   14.99769451  14.99989903  15.          15.          14.99768338]
 [ 14.99999909  14.99999949  14.99961206  14.99513746  14.99904619
   14.99513744  14.996615    15.          14.9999999   15.          15.
   15.          14.99773051  14.99999994  15.          15.          14.99770654]
 [ 15.          14.99995836  14.99999843  14.99522311  14.99999856
   14.99522309  14.9976916   14.99999995  14.99996291  15.          15.
   15.          14.99773101  15.          14.99997035  15.          14.99770498]
 [ 15.          15.          15.          14.99524185  15.          14.99524184
   14.99769851  15.          14.99925854  15.          15.          15.
   14.99774088  15.          15.          15.          14.99775872]
 [ 15.          15.          15.          14.99525557  15.          14.99525557
   14.99769432  15.          14.99868361  15.          14.99973355  15.
   14.99771788  15.          15.          15.          14.99771979]
 [ 15.          15.          15.          14.99526851  15.          14.99526851
   14.99769391  15.          14.99984628  15.          15.          15.
   14.99785911  14.99990022  15.          14.99766371  14.99999644]
 [ 15.          15.          15.          14.99528117  15.          14.99527891
   14.99770646  15.          14.99999884  15.          15.          15.
   14.99769125  15.          15.          14.99767041  14.99999784]
 [ 15.          15.          14.99982188  14.99529338  14.99999694
   14.9952934   14.9977164   15.          15.          15.          15.
   14.99999998  15.          14.99769866  15.          14.99771769
   14.99999592]] m/s
Max SPL: 44.8607471718 dB
SPL: [[ 37.42933697  39.07028823  41.83376413  41.84505718  38.80381444
   38.2089832   42.72662203  39.92457325  38.18093502  44.85162106
   42.5475501   41.7368878 ]
 [ 36.34756349  38.33954011  41.96042671  42.07411286  38.80021951
   38.20554076  42.69915617  39.89738685  38.23607419  44.83413474
   42.63601208  41.74778066]
 [ 36.33176415  38.7236143   41.95633073  42.07013549  38.80700585
   38.21533523  42.7627995   39.88279024  38.24639785  44.73461031
   42.65640125  41.72074926]
 [ 36.36081313  38.32126981  41.9248723   42.07024858  38.80888735
   38.21653969  42.73751597  39.89441673  38.24658337  42.727065
   42.64287476  41.76503624]
 [ 36.38752496  38.49395714  41.72875503  41.8881678   38.96168617
   38.45102429  42.627313    40.31194923  38.97314685  44.753796
   42.61475708  41.73790231]
 [ 36.59260882  38.35777427  42.15279161  42.17698466  38.94527276
   38.24341495  42.75473174  39.88969217  38.24523813  44.86065696
   42.54909551  41.89719494]
 [ 36.36290304  38.34667317  41.96437814  42.08567259  38.76773091
   38.18305344  42.6986922   40.47016016  38.26739091  44.84684529
   42.63557571  41.75175459]
 [ 36.36159968  38.34446956  41.9581436   42.07945426  38.80607468
   38.21343827  42.72841972  39.92419549  38.26210558  44.83066318
   42.60535336  41.75079937]
 [ 37.42921015  39.07016966  41.83341604  41.84472146  38.80363024
   38.20880237  42.72677298  39.92461266  38.18099884  44.85171244
   42.54783081  41.73711192]
 [ 36.34752677  38.33950759  41.9603492   42.0740397   38.80018538
   38.20550763  42.69915618  39.89738581  38.23607348  44.83413698
   42.63601259  41.74777991]
 [ 36.33179042  38.72364216  41.95631433  42.07013846  38.80704824
   38.21537175  42.76280211  39.88280491  38.24642731  44.73467979
   42.65641159  41.72073804]
 [ 36.36081256  38.32126938  41.92487177  42.07024808  38.8088866
   38.21653886  42.73750859  39.89441883  38.24658375  42.72706334
   42.64287337  41.7650339 ]
 [ 36.38751751  38.49395264  41.72875278  41.88816557  38.961679
   38.45101603  42.62724131  40.31228599  38.97360391  44.75377982
   42.61473931  41.73788632]
 [ 36.5926247   38.35778001  42.15279185  42.17698745  38.94530636
   38.2434318   42.75481828  39.889771    38.24531504  44.86074717
   42.5491432   41.89720965]
 [ 36.36290575  38.34667498  41.9643796   42.08567404  38.76773362
   38.18305649  42.69870006  40.470187    38.26740539  44.84684823
   42.63557806  41.75175609]
 [ 36.36175343  38.3446241   41.95839706  42.07968015  38.80620622
   38.21357195  42.72842663  39.92420446  38.26211664  44.83066627
   42.60535932  41.75080656]] dB
