
CONSTRAINT EXCEEDED!
Wind Directions: [   0.    22.5   45.    67.5   90.   112.5  135.   157.5  180.   202.5
  225.   247.5  270.   292.5  315.   337.5] degrees
AEP: 965918.725688 kWh
X-locations (initial): [ 1550.  1900.  2300.  2200.  2400.  2300.  2300.  2300.   220.   350.
   350.   100.   900.   900.   800.  1100.  1300.] m
X-locations (final): [ 1734.          2121.          2538.          2444.          2538.          2538.
  2361.          2267.             0.           570.            93.99999994
   333.58624784  1000.          1000.          1000.          1005.08987257
  1410.        ] m
Y-locations (initial): [ 4020.  4100.  3900.  3700.  3700.  3400.  3200.  3100.  1100.  1000.
   800.   600.  1000.   900.   600.   300.   200.] m
Y-locations (final): [ 4013.          4393.          3538.93845799  3353.          3444.93845801
  3353.          3023.          3023.          1410.          1410.          1410.
   400.          1210.          1116.           810.             0.             0.        ] m
RPM: [[  1.08774808e+00   5.23700026e-01   7.90393642e-02   1.48144726e+00
    4.80084179e-10   8.36244210e-12   1.95603281e-11   4.14620893e-10
    1.54487054e-01   5.42422075e-01   3.38431858e-01   2.60879092e-08
    4.40548347e+00   8.45250988e-09   2.43816931e-08   2.32747254e-08
    9.99725102e-08]
 [  1.03982971e+00   8.07161187e-06   9.51015931e-02   3.20978596e-02
    3.89525994e-02   2.64068241e-10   3.14103423e-08   5.21124411e-08
    1.94734055e-01   2.95225294e-01   6.36384952e-01   2.25791119e-08
    4.02805694e-01   1.16851514e+00   2.16570795e-08   7.24285599e-08
    5.11156340e-08]
 [  7.64570944e-02   3.22231015e-02   1.93858253e-08   1.57703554e+00
    9.20396475e-02   7.43627063e-04   4.09523462e-08   5.64944436e-08
    8.52184459e-02   4.48974897e-01   1.44012536e-01   6.25420283e-02
    1.19764840e-01   1.12210608e-01   8.70354058e+00   8.93335463e-01
    1.31964970e-01]
 [  8.92494212e-10   7.66821946e-02   7.57526535e-02   2.98757656e-01
    7.21127881e-03   7.34366532e-02   5.06878604e-02   1.96308643e-02
    3.79348398e-09   1.25941647e+01   1.24844525e+01   1.48594353e-11
    1.64502572e+00   2.24809630e+00   5.58931060e-09   1.36326113e-01
    1.04300032e-01]
 [  3.30922129e-02   1.49664049e-08   1.25692984e+00   9.56564654e-01
    5.60071142e-08   1.26620883e-01   1.08026842e-01   4.35966977e-10
    4.93624413e-09   1.03911187e+01   7.36283565e+00   7.38971239e+00
    4.28275937e+00   1.13766666e-08   7.33213512e-11   1.27146873e-01
    1.37234957e-01]
 [  7.59186405e-02   2.69261984e-08   8.35045569e-03   2.17236150e-10
    9.67260005e-08   2.32394790e-03   2.25387342e-03   1.16341455e-07
    1.69767290e+00   2.51392760e-01   8.10846685e-01   2.81944920e-09
    3.99281562e-01   7.82450157e-02   1.25579324e-02   6.13366693e-02
    1.03249359e-01]
 [  7.80257781e-10   2.13265030e-10   8.05760647e-11   6.73808150e-03
    2.91322432e-10   2.35877221e-10   4.20405996e-11   7.89214108e-11
    1.16762364e+00   1.67139734e-01   6.78689687e-01   6.22058912e-10
    6.06724391e-02   1.52113848e-08   5.99936279e-10   1.65280325e+00
    2.49513591e-03]
 [  1.93915684e-08   4.61090078e-10   1.37969686e+00   9.96469705e-01
    4.56625788e-02   5.84795880e-02   1.22995304e-08   2.17938835e-08
    5.64576822e-09   1.85963930e+01   6.21473933e-01   5.15921451e-05
    1.12919472e+01   2.30855634e-05   5.73731574e-10   3.46601187e-02
    2.98634697e-02]
 [  8.25159896e-01   6.95001849e-08   1.51907749e+00   1.32559269e+00
    9.66250162e-02   2.15553342e-01   4.73423022e-08   2.14230372e-08
    2.15279114e-01   6.09455296e-01   5.52741575e-01   3.52339469e-09
    1.08716984e+00   1.02781813e+00   1.08064060e-03   3.41837084e-02
    8.96621456e-01]
 [  9.13498925e-01   1.84877807e-08   8.77374444e-01   1.47665113e+00
    1.36891691e-09   1.73162831e-09   3.59952168e-02   2.16035951e-02
    3.34541013e-02   1.88028562e-01   1.19390344e-08   2.73186336e-08
    3.54454050e-02   1.13193033e-03   9.83024842e-01   1.25628047e-03
    4.21239804e-08]
 [  1.18790373e-01   1.37677265e-08   8.25452172e-01   2.77569652e-01
    1.44398432e-08   1.98289953e-08   2.31313367e-08   3.23759002e-08
    1.00193772e-01   3.99126020e-01   2.56620712e-01   1.26215004e-03
    1.04385061e-01   4.05345918e-02   6.59154478e-09   7.40105384e-01
    1.51027342e-01]
 [  1.25794919e-01   3.29360964e-02   8.48777648e-02   1.10750703e-01
    5.95911935e-02   5.92069755e-02   3.96793497e-02   3.49941549e-02
    1.53715950e-01   9.86201784e+00   1.06555095e+01   6.54742573e-09
    1.07583699e-10   2.92079910e-10   5.11582901e-11   1.90609574e-01
    1.35745858e-01]
 [  3.24488697e-01   1.23296080e+00   1.49589160e+00   1.25902396e-01
    1.40416829e-09   9.69025397e-10   1.28515639e-09   8.28080234e-02
    2.64009623e-02   4.82926615e+00   1.79117213e-01   1.82525356e+01
    1.41740307e-08   6.43498795e-02   5.78212319e-02   8.71144268e-02
    8.16254144e-02]
 [  4.55257720e-02   2.96338114e-02   3.38373980e-02   1.10892617e-03
    7.72298263e-03   1.17533738e-02   3.23824389e-03   1.72667794e-03
    7.11269238e+00   1.68580862e+01   4.26463551e+00   8.47360837e-01
    2.60861393e-10   1.73715414e-01   5.45202920e-02   7.84784948e-02
    9.76440325e-09]
 [  1.36222552e+00   9.17483510e-10   1.42963027e+00   1.34859150e-02
    9.71380248e-10   6.05582388e-10   1.02184333e-09   2.53641983e-08
    4.86998546e-08   1.62270404e-01   1.66343783e-01   3.30651586e-08
    1.76143747e+00   5.98067700e-08   2.73609045e-08   3.93859644e-08
    3.64815209e-10]
 [  4.73954949e-08   2.38070656e-03   2.85963605e-02   3.28949557e-01
    1.16715389e-02   2.52401961e-08   7.65569406e-08   9.00660395e-08
    1.41902574e+00   1.16495567e+01   2.93034123e-01   2.68654349e-01
    2.07236214e-02   3.25795506e-02   4.72933071e-08   5.21766236e-08
    5.42708481e-08]]
Effective wind speeds: [[ 15.          15.          15.          15.          14.9994317
   14.99957274  15.          15.          15.          15.          15.
   15.          15.          14.9634055   14.98610898  14.9972148   15.        ]
 [ 15.          15.          15.          14.99954567  14.99997549
   14.99998796  14.9999048   14.99995888  15.          14.99991071  15.
   14.99996106  15.          14.99989503  15.          14.99999224  15.        ]
 [ 14.99994254  15.          15.          14.99938835  15.          15.
   15.          14.99999991  15.          14.99978782  15.          14.99996748
   15.          15.          15.          15.          15.        ]
 [ 15.          15.          15.          14.99988098  15.          15.
   15.          14.99991791  14.92956074  15.          15.          15.
   15.          15.          15.          15.          15.        ]
 [ 15.          15.          15.          14.99908805  15.          15.
   15.          14.99922248  14.92069728  15.          14.95270814  15.
   15.          15.          15.          14.99963059  15.        ]
 [ 15.          15.          15.          14.9999994   15.          15.
   15.          14.99999942  14.99978553  14.99918235  14.99999916
   14.99998186  15.          15.          15.          15.          15.        ]
 [ 14.99999809  15.          15.          15.          15.          15.
   15.          15.          14.99999939  15.          14.99999969  15.
   15.          15.          15.          15.          15.        ]
 [ 15.          14.99994237  14.99992606  15.          14.99989736  15.
   15.          15.          15.          14.99999995  15.          15.
   14.99999952  14.99999045  14.99999956  15.          15.        ]
 [ 15.          15.          14.9986383   15.          14.9984324   15.
   15.          15.          15.          15.          15.          15.
   14.99235061  14.99997853  14.99996662  15.          15.        ]
 [ 14.99998435  14.99999993  14.99257937  14.99997751  14.99980381
   14.99996253  14.99999994  14.99999987  15.          15.          15.
   15.          14.99999971  15.          15.          15.          15.        ]
 [ 15.          14.99978752  14.99999847  14.99994866  14.99814258
   14.9999436   14.99999805  14.9999353   15.          15.          15.
   15.          15.          14.99999964  15.          15.          15.        ]
 [ 15.          15.          15.          15.          15.          14.99982026
   14.99994336  15.          15.          15.          14.99975015  15.
   15.          15.          15.          15.          15.        ]
 [ 15.          15.          15.          15.          15.          14.99909325
   14.99940452  15.          15.          14.99961132  14.99981052  15.
   15.          15.          15.          15.          14.99976592]
 [ 15.          15.          15.          15.          15.          14.99999972
   14.99999956  15.          15.          15.          14.99760986  15.
   14.73189913  14.99994734  15.          15.          14.99984703]
 [ 15.          15.          15.          14.99959344  15.          14.99999936
   15.          15.          15.          15.          15.          15.
   15.          15.          15.          15.          14.99997892]
 [ 15.          15.          14.99999994  14.99999998  14.99995371
   14.99997949  15.          15.          15.          15.          15.
   14.99996712  15.          14.99996647  15.          14.99995557
   14.99998957]] m/s
Max SPL: 43.7647682157 dB
SPL: [[ 37.49581944  39.13625287  42.06713095  42.07627005  38.96004932
   38.51096024  42.85874443  40.35340093  40.25030643  43.42367545
   42.13832469  41.58120696]
 [ 36.42286662  38.40993968  42.18310352  42.28574223  38.93279322
   38.33438789  42.80237082  40.31747443  40.33638745  43.42181383
   42.16122391  41.53460895]
 [ 36.40510158  38.64755705  42.16503408  42.37724278  38.93651923
   38.3420343   43.10777173  40.30855018  40.35779626  43.44888777
   42.24673833  41.55830523]
 [ 36.43158199  38.38460416  42.32097153  42.26990872  38.93642901
   38.34060446  42.9423566   40.31253031  40.35952391  43.43768801
   42.14801977  41.54685805]
 [ 36.48876483  38.49961793  41.96920496  42.11465818  39.03659841
   38.48594244  43.00831182  40.96595119  41.11842862  43.76476822
   42.2442417   41.61189089]
 [ 36.63324321  38.42939821  42.29142904  42.32600338  39.06977354
   38.36468961  42.82919601  40.31559435  40.35646618  43.41083811
   42.05374015  41.85811818]
 [ 36.43148255  38.4085684   42.18269795  42.29161992  38.89399718
   38.30491373  42.81320136  40.79168517  40.36288899  42.27250986
   42.1655573   41.53860868]
 [ 36.45257843  38.42108431  42.18765931  42.29635265  38.95394098
   38.36091729  42.92860825  40.40531618  40.40740202  43.39014162
   42.24431705  41.62421918]
 [ 37.49016756  39.13057283  42.06627823  42.07499786  38.95545577
   38.50770118  42.82940163  40.34211433  40.24212007  43.41495192
   42.12818516  41.57155186]
 [ 36.42374164  38.41004363  42.18576804  42.2880608   38.93479739
   38.33658663  42.80046186  40.3153697   40.33573399  43.42184307
   42.16390787  41.5364129 ]
 [ 36.40062861  38.64302677  42.161986    42.37458625  38.93134753
   38.33638147  43.06733076  40.29531137  40.34593232  43.428286
   42.1858442   41.50783626]
 [ 36.45215714  38.39706195  42.32577537  42.27501515  38.95448427
   38.36233909  43.04985749  40.53995917  40.4428725   43.48513712
   42.18079512  41.57126254]
 [ 36.46831162  38.4907689   41.97032396  42.11448338  39.01613101
   38.46119186  42.79646057  40.71802765  40.73245286  43.32433762
   42.10183112  41.52276134]
 [ 36.63720393  38.42203855  42.28275455  42.3202844   39.01316103
   38.3375185   42.65921164  40.31918303  40.33776235  43.37642423
   42.00335995  41.8144645 ]
 [ 36.44646435  38.42583744  42.19507439  42.30593014  38.90892494
   38.31838995  42.81754472  40.78705066  40.3605052   42.27107932
   42.15908812  41.53269086]
 [ 36.42581469  38.40379754  42.17588352  42.28475367  38.92724399
   38.32983741  42.71219271  40.3063837   40.34433021  43.32065109
   42.14761365  41.52579877]] dB
