
CONSTRAINT SATISFIED WITHIN LIMITS
Wind Directions: [   0.    22.5   45.    67.5   90.   112.5  135.   157.5  180.   202.5
  225.   247.5  270.   292.5  315.   337.5] degrees
AEP: 93310116.9582 kWh
X-locations (initial): [ 1550.  1900.  2300.  2200.  2400.  2300.  2300.  2300.   220.   350.
   350.   100.   900.   900.   800.  1100.  1300.] m
X-locations (final): [ 1404.          1734.          2517.90813565  2121.          2538.
  2160.51087338  2252.48429145  2361.            10.46014604    87.70361121
   270.82133857   141.47538708   952.22921429  1000.          1000.
  1219.03295067  1410.        ] m
Y-locations (initial): [ 4020.  4100.  3900.  3700.  3700.  3400.  3200.  3100.  1100.  1000.
   800.   600.  1000.   900.   600.   300.   200.] m
Y-locations (final): [ 4107.14845357  4186.30699567  3749.90637189  3463.34238087  3574.69324997
  3353.          3200.12450927  3023.          1410.          1294.52498947
   400.           663.26903496  1210.          1129.04351765   737.60875271
    44.28359613     0.        ] m
RPM: [[ 27.20334449  26.90857665  27.17080411  27.52058498  26.48043327
   27.64534357  27.86535574  27.98165533  27.33684596  27.01882113
   23.92270011  22.25254417  27.35361923  27.09830642  24.78857133
   27.76773459  27.85593697]
 [ 27.12621353  27.09628591  27.64797576  27.73173551  27.84246935
   27.85417522  27.36577373  27.99795078  27.09759847  26.83111476
   24.22803357  22.40536705  26.66039105  26.63421858  24.74594707
   27.6100178   27.76669227]
 [ 27.18526187  26.41377048  26.62027643  26.78710077  26.70898696
   26.79463335  27.42548815  27.67335098  27.42829152  27.1049154
   23.62852541  22.68001013  26.93124736  26.86242879  25.36984258
   27.32262421  27.62560228]
 [ 27.33221414  26.80154209  27.09369386  27.16570169  27.47154111
   27.54619591  27.74086817  27.88285547  27.25566063  26.98697226
   23.54379244  22.70431431  26.65282503  26.62680506  25.60773935
   27.58987632  27.73232009]
 [ 27.59364041  26.79901471  27.03291921  27.13718921  27.39526767
   27.52454542  27.70738952  27.85476703  27.03677717  26.95825485
   23.68268238  21.82109601  26.60831076  26.58532862  26.44347901
   27.18835724  27.71618516]
 [ 27.15705334  26.49370059  26.74476635  26.88093965  27.01428464
   27.13837395  27.52317423  27.70278552  27.17133672  26.91043595
   23.7870287   22.376803    26.71850951  26.79709154  25.85862165
   26.99757517  27.52357465]
 [ 27.17951352  26.95381496  27.17482503  27.24121369  27.57140568
   27.10831094  27.56749562  27.92709643  25.0219483   26.78638468
   24.33140018  22.73209142  24.25480245  27.00271701  26.48663614
   27.24063331  27.60589948]
 [ 27.02438     27.29620634  27.92557004  22.40718712  28.15359944
   27.18808304  27.81481546  28.17304482  26.98142363  27.34601217
   24.3646946   22.25546671  24.63517147  26.96724847  26.34864519
   27.10121412  27.53810361]
 [ 27.18048927  26.94414343  26.27831367  27.51743167  27.59084271
   27.7276722   27.88847392  27.99598763  27.38363578  27.04961911
   23.74313513  22.27798904  27.47019258  25.51222738  26.05349925
   27.46899686  27.71093902]
 [ 27.07008451  27.15349611  27.24527187  27.79101026  27.91459124
   27.88702039  27.99647004  28.0559674   27.09359854  26.82830713
   24.22241135  22.4033012   26.65026978  26.62552392  24.7336667
   27.6202232   27.76435725]
 [ 27.1750796   26.43522493  26.47152305  26.76867934  26.72900273
   26.97853011  27.45510007  27.68462647  27.55198698  27.18522719
   23.57645004  22.66668117  27.00444722  26.70591024  25.38973601
   27.28535205  27.61262361]
 [ 27.35706482  26.73438075  27.11995187  27.24648767  27.40463514
   27.56335558  27.75187228  27.89065844  27.26473203  26.99353325
   23.52685656  22.69796268  26.67192455  26.64489394  25.58525793
   27.60271082  27.74684495]
 [ 27.59388656  26.79938728  27.03318247  27.13750576  27.39551584
   27.52467422  27.70742524  27.85465817  27.04733334  26.981051
   23.67269916  21.82662664  26.62451896  26.60203807  26.39678035
   27.48080353  27.30357227]
 [ 27.2594663   26.50642449  26.75394408  26.88918823  26.94292783
   27.14398216  27.52260747  27.69729247  27.10061059  26.84805067
   23.70923597  22.42815817  26.52676276  26.57736012  26.35330049
   26.99979403  27.12852558]
 [ 27.28955054  26.87719167  27.22066823  27.35142213  27.59021935
   27.14247099  27.24553473  27.74644129  27.47934833  25.00002592
   24.28622873  22.7671206   27.18458485  24.29285903  26.57624125
   27.32936702  27.43612146]
 [ 27.13580434  27.18616835  27.92265877  27.41127269  27.83351726
   22.44971629  26.83784398  27.81871285  27.56281689  26.79320486
   24.43429191  22.16614015  27.23818274  24.64881346  26.47899339
   27.18059893  27.28910474]]
Effective wind speeds: [[ 15.          15.          15.          15.          14.22096333
   14.9600991   15.          15.          15.          15.          15.
   14.98923868  15.          15.          13.86500211  14.99928663
   14.97227304]
 [ 15.          15.          15.          15.          15.          15.
   14.64469164  14.97722939  15.          14.99872079  14.98971429
   14.99648266  14.99998807  14.99839837  14.93244743  14.98848941  15.        ]
 [ 15.          15.          15.          14.99806188  15.          14.7708351
   14.99843329  15.          14.95091665  14.93656654  14.71817712
   14.99799313  15.          15.          15.          15.          15.        ]
 [ 14.92570501  15.          15.          14.9499033   15.          14.99792941
   15.          15.          15.          15.          14.86798453
   14.99999621  15.          15.          15.          15.          15.        ]
 [ 15.          15.          15.          15.          15.          15.
   15.          15.          15.          14.99441402  15.          14.99652697
   15.          15.          15.          14.7581935   15.        ]
 [ 14.92476638  14.9991268   15.          15.          15.          15.
   15.          15.          15.          15.          14.87685654
   14.99874728  14.99874718  15.          15.          14.80403568  15.        ]
 [ 14.67857065  15.          15.          14.93349581  15.          14.71332161
   14.87174431  15.          13.68890336  14.88902653  15.          15.
   13.25651617  15.          15.          15.          15.        ]
 [ 15.          14.99552725  14.8792918   11.95480406  15.          14.57150842
   14.81371125  15.          14.5778986   15.          15.          14.43950201
   13.4208439   14.89885232  14.96648345  15.          15.        ]
 [ 14.97195852  14.99999112  14.21327901  14.95995304  15.          15.
   15.          15.          15.          14.99245184  15.          15.
   14.98564834  13.91630731  15.          15.          15.        ]
 [ 14.9985882   14.99102484  14.64309714  14.95598211  14.97715957
   14.96188025  14.99975072  14.98860219  15.          15.          15.
   15.          15.          15.          15.          15.          15.        ]
 [ 15.          15.          14.76392473  14.94987952  14.99793995
   14.94848776  14.99898271  14.99855788  15.          15.          15.
   15.          14.99873339  14.77402263  15.          15.          15.        ]
 [ 15.          14.92442414  15.          15.          14.95012876  15.
   15.          15.          15.          15.          15.          15.
   15.          14.99999718  14.88747571  15.          15.        ]
 [ 15.          15.          15.          15.          15.          15.
   15.          15.          15.          15.          15.          15.
   14.9943332   15.          14.99762392  15.          14.75923032]
 [ 15.          15.          14.99820466  15.          14.92424455  15.
   15.          15.          15.          15.          15.          15.
   15.          14.99876139  15.          14.90171387  14.8055714 ]
 [ 15.          15.          15.          14.97562541  15.          14.72181126
   14.66858733  14.87173056  15.          13.675423    15.          15.
   15.          13.24694614  15.          14.991593    14.85017588]
 [ 15.          15.          15.          14.9986539   14.87950002
   12.03688565  14.28642072  14.8134938   15.          14.57591123
   14.54398999  15.          15.          13.426167    15.          14.9672787
   14.80345072]] m/s
Max SPL: 47.500000065 dB
SPL: [[ 45.31194337  47.5         47.26655558  47.5         45.65787382
   45.41012653  47.5         47.5         47.39680788  47.5         47.30230956
   47.36445036]
 [ 45.53148398  47.5         47.40259518  47.5         45.56945347
   45.46765378  47.5         47.5         47.44884452  47.5         47.29496747
   47.28725734]
 [ 45.53275608  47.32292819  47.01237594  47.5         45.34656625
   44.81658151  47.5         47.44739113  47.50000003  47.5         47.5
   47.22184029]
 [ 45.27699266  47.5         47.28081729  47.5         45.50627607
   44.97608217  47.5         47.5         47.50000003  47.50000001
   47.44478343  47.5       ]
 [ 45.50932149  47.46267122  47.48657177  47.5         45.51966416
   45.08927678  47.5         47.47054454  47.50000002  47.45821935  47.5
   47.23519048]
 [ 45.29627221  47.35200726  47.2361569   47.5         45.38636262
   44.8896081   47.50000003  47.50000006  47.37476759  47.49999999
   47.11802718  47.50000001]
 [ 45.27799991  47.4700217   47.27940718  47.5         45.45181639
   44.91206679  47.26014489  47.5         47.493515    47.5         47.5
   47.36176951]
 [ 45.27562323  47.5         47.30146883  47.5         45.37470005
   44.84572676  47.32521201  47.50000003  47.50000005  47.50000006
   47.50000006  47.34459409]
 [ 45.30978261  47.5         47.26045308  47.5         45.68816853
   45.47835628  47.5         47.5         47.36546723  47.5         47.5
   47.43651999]
 [ 45.53002284  47.5         47.39521346  47.5         45.595748
   45.53018656  47.5         47.5         47.4485083   47.5         47.29639594
   47.28976876]
 [ 45.53294285  47.32360046  47.01001235  47.5         45.35461669
   44.82453997  47.5         47.46118228  47.50000003  47.5         47.5
   47.21504738]
 [ 45.28254514  47.5         47.28106829  47.5         45.51339707
   44.98318967  47.5         47.5         47.50000003  47.50000001
   47.44012026  47.5       ]
 [ 45.51304387  47.46095669  47.48656819  47.5         45.51637526
   45.08455012  47.5         47.47422949  47.50000002  47.45663928  47.5
   47.22652885]
 [ 45.32860202  47.38208382  47.2360071   47.5         45.39969421
   44.90300633  47.5         47.5         47.37144554  47.5         47.15196978
   47.5       ]
 [ 45.31812172  47.5         47.2800177   47.5         45.46376842
   44.92465433  47.25265577  47.5         47.50000001  47.5         47.5
   47.35077941]
 [ 45.28265253  47.5         47.29301224  47.5         45.36311704
   44.82734899  47.35574784  47.5         47.50000002  47.49957007  47.5
   47.32542187]] dB
