
CONSTRAINT EXCEEDED!
Wind Directions: [   0.    22.5   45.    67.5   90.   112.5  135.   157.5  180.   202.5
  225.   247.5  270.   292.5  315.   337.5] degrees
AEP: 87549141.1735 kWh
X-locations (initial): [ 1550.  1900.  2300.  2200.  2400.  2300.  2300.  2300.   220.   350.
   350.   100.   900.   900.   800.  1100.  1300.] m
X-locations (final): [ 1404.          1734.          2538.          2322.4813398   2538.
  2138.61966241  2271.4861646   2361.           110.36512842   115.32035682
   243.51069121   153.56596575  1000.          1000.          1000.
  1063.59604889  1341.48700313] m
Y-locations (initial): [ 4020.  4100.  3900.  3700.  3700.  3400.  3200.  3100.  1100.  1000.
   800.   600.  1000.   900.   600.   300.   200.] m
Y-locations (final): [ 4080.02659095  4173.42789089  3655.07839332  3368.58762268  3485.31830199
  3353.          3154.38669697  3023.          1410.          1316.12695263
   641.45806276   614.14272588  1210.          1065.17109502   775.65644917
    45.08702033     0.        ] m
RPM: [[ 26.59552804  25.67656641  26.90737318  27.56120561  23.46077023
   27.53989804  27.6541227   27.75190391  26.56425828  22.44620371
   22.02653392  21.48425575  25.47983265  21.0774451   22.23940865
   27.54776199  27.70739778]
 [ 26.62372637  24.93410361  27.10651798  27.34572776  27.2321823
   27.29708713  27.38299062  26.81096804  26.65344661  25.67379273
   21.39742066  20.10117162  24.52564174  22.3615111   22.69012243
   27.10104611  27.55541236]
 [ 27.11293536  24.68026417  26.64321733  27.00655191  27.02825642
   26.96603188  27.33989819  27.57603018  24.4591204   26.55843927
   21.24225084  21.0644807   23.75885609  21.81590108  21.49012982
   26.80461278  27.02463007]
 [ 26.84267878  24.74932215  26.89798831  26.61075384  26.96370226
   25.9720042   27.51655243  27.64525016  26.51007484  26.36154326
   16.04690355  20.88817342  24.51566455  22.36801008  21.79568216
   26.90966881  27.24624459]
 [ 27.16516288  24.82609967  26.87768787  26.92434378  27.12742755
   25.19283264  27.49520297  27.6407652   26.61897649  25.0396397
   21.11611825  21.05206369  24.47492668  22.32599877  22.20103676
   26.91833055  27.47954278]
 [ 26.92597494  24.06655426  26.70870805  26.9644163   26.98399027
   26.91801704  27.3167576   27.54968939  26.47122802  24.90429932
   20.99524981  21.13199426  24.53632783  22.32915852  22.24576275
   27.10060897  27.47882158]
 [ 26.77060374  24.72536417  26.84520377  27.07258031  27.08332592
   26.78426375  25.44641033  27.43827632  26.6434475   25.0323141
   19.04990878  21.38353976  24.7549628   23.44092955  22.21453724
   27.07275266  27.4322123 ]
 [ 27.06101291  24.30481515  26.75583755  26.99368476  27.01360373
   26.93865445  27.05574047  27.54356407  24.77307338  25.72477702
   20.0319991   21.70466326  24.54299832  23.45301883  21.73891453
   27.0398905   27.38360679]
 [ 26.33782206  25.19537637  23.50215066  27.63864677  27.57620149
   27.76786653  27.90231117  27.96093426  22.8591948   26.80175766
   21.55022633  20.87038553  22.64284313  23.631565    23.35648487
   26.68532862  27.26779677]
 [ 26.53770675  25.00565171  27.1499341   27.15638022  26.66403244
   27.38257906  27.64130687  27.66387957  26.6463696   25.74316238
   21.25680818  20.15901577  24.53222447  22.35916868  22.67414712
   27.17006897  27.54141324]
 [ 27.11877304  24.68577804  26.65046208  27.02201509  27.02220756
   26.9130049   27.38590612  27.58167604  24.49271571  26.56235119
   21.2260272   21.05645084  23.7139518   21.82371216  21.50397519
   26.80195058  27.02135861]
 [ 27.06878914  24.50135729  26.91931844  27.07726689  25.87714709
   27.01424645  27.53504044  27.66294759  26.6160639   26.43245606
   16.99297031  21.3154097   24.64427707  22.42805591  21.80407802
   26.86443787  27.29977467]
 [ 27.15992373  24.8396014   26.87250193  25.12372965  27.12608653
   26.89255469  27.50988027  27.6409145   26.61918196  25.05783872
   21.13787079  21.0084524   24.47010318  22.31811284  22.21786017
   27.1546544   27.15591607]
 [ 27.0042619   24.07373184  26.64774297  26.96390144  26.97849741
   26.91566322  27.31458709  27.54592047  26.57704213  24.83722349
   20.99055343  21.13128398  24.53941311  22.35068573  22.25550552
   27.1118798   27.47112955]
 [ 26.94584761  24.65832838  26.8630518   27.08876317  27.0938049
   26.71217755  26.81739873  25.73724172  26.62764938  24.93310921
   19.08368671  21.34334656  24.77927097  23.46168791  22.25061374
   27.08807321  27.35678349]
 [ 27.05922918  24.29591566  26.75469293  26.99496551  27.0103052
   26.93762653  27.30174932  27.19750537  26.71294362  24.54189246
   19.98693122  21.70545556  25.30169495  22.66082233  21.83837096
   27.06219393  27.13710451]]
Effective wind speeds: [[ 15.          15.          15.          15.          12.7162114   15.
   14.91579725  14.92262606  15.          12.62964673  15.          14.88844868
   15.          12.71324893  13.33812832  14.98818143  14.9734652 ]
 [ 15.          15.          15.          15.          15.          15.
   14.84716347  14.4208595   14.99894142  14.97558508  14.97218915
   14.98182745  15.          14.99884563  14.95003836  14.93507239
   14.99932605]
 [ 15.          15.          15.          14.99242169  15.          14.9918016
   14.97883198  15.          14.94844874  14.93551124  14.99919431
   14.86562774  15.          15.          15.          15.          15.        ]
 [ 14.69503851  15.          15.          14.58701781  15.          14.39799445
   15.          15.          15.          15.          15.          14.13224828
   15.          15.          15.          15.          15.        ]
 [ 15.          15.          15.          15.          15.          13.94209766
   15.          15.          15.          14.99962237  15.          14.72262543
   15.          15.          15.          14.78435164  15.        ]
 [ 14.9242987   15.          15.          15.          15.          15.
   15.          15.          14.83992631  15.          15.          14.99736958
   15.          15.          15.          15.          15.        ]
 [ 14.67275765  14.99654435  15.          15.          15.          14.82184591
   13.92199927  15.          14.99740089  14.94141526  15.          15.
   15.          15.          15.          15.          15.        ]
 [ 15.          14.99031747  15.          15.          15.          14.99239334
   14.80265133  15.          14.05688321  15.          15.          15.
   14.99055082  14.99451254  14.7165184   15.          15.        ]
 [ 14.97283818  15.          12.67502559  14.88502652  15.          15.
   15.          15.          12.5966707   14.94239806  15.          15.
   12.5508345   13.77300366  14.99394342  15.          15.        ]
 [ 14.9982747   14.97739337  14.91018887  14.87107322  14.41380148
   14.96377782  14.97652949  14.95939855  14.97678468  15.          15.
   15.          15.          15.          15.          15.          15.        ]
 [ 15.          15.          14.96100286  14.99662535  14.97860302
   14.9319659   14.99984174  14.99917173  15.          15.          14.86846458
   15.          15.          15.          15.          15.          15.        ]
 [ 15.          14.65208253  15.          14.98387259  14.26824911  15.
   15.          15.          15.          15.          13.03173209  15.
   15.          14.99963059  15.          15.          15.        ]
 [ 15.          15.          15.          13.94328618  15.          15.
   15.          15.          15.          15.          14.72603643  15.
   14.99960549  15.          15.          15.          14.78608578]
 [ 15.          15.          14.92349317  15.          14.9981547   15.
   15.          15.          15.          15.          15.          15.
   15.          14.77682376  15.          15.          14.99839171]
 [ 15.          15.          15.          15.          14.99699331
   14.72142868  14.75811356  13.92631336  15.          15.          15.
   15.          15.          15.          15.          15.          14.94838074]
 [ 15.          15.          15.          15.          15.          14.99178097
   14.99248725  14.80365047  15.          14.006119    15.          15.
   15.          14.98906732  15.          15.          14.81210945]] m/s
Max SPL: 46.7590051642 dB
SPL: [[ 44.56751532  46.6192745   46.30354544  46.58629927  45.0782409
   44.53464854  46.65433287  46.49647462  46.75900516  46.6955516
   46.52797876  46.45042369]
 [ 45.04044055  46.50006542  46.27833225  46.50006947  45.06240194
   44.57191628  46.50011671  46.5000646   46.4998999   46.20227694
   46.47939879  46.37453333]
 [ 44.57624168  46.46587967  46.50001699  46.5000322   45.03652156
   44.52490991  46.5004373   46.24518968  46.50011429  46.4315801
   46.50019072  46.02284377]
 [ 44.43238036  46.48110232  46.24136892  46.50080294  44.94723916
   44.44497815  46.50006757  46.50006028  46.44973807  46.50011184
   46.500067    46.22034129]
 [ 44.63070115  46.44569682  46.45745668  46.50005133  44.89693543
   44.49636694  46.50000929  46.50002433  46.50004665  46.50002527
   46.32353264  46.24181078]
 [ 44.49571591  46.39547536  46.32083097  46.50000279  45.02301351
   44.58400096  46.50002192  46.50003551  46.50006282  46.50004671
   46.3120067   46.48314582]
 [ 44.48432255  46.46363144  46.2476466   46.50000163  44.92165843
   44.40855139  46.50000494  46.50002183  45.34158069  46.50001472
   46.39872673  46.31942127]
 [ 44.54506745  46.48606494  46.25155425  46.50000617  44.99765921
   44.48722056  46.50005613  46.48122236  46.50003577  46.50004357
   46.31863559  46.25201436]
 [ 44.47492297  46.50008917  46.20711536  46.4999935   45.05061527
   44.51733704  46.49615372  46.44528714  46.50003362  46.50003426
   46.50022015  46.32950553]
 [ 45.04122995  46.5003073   46.27647353  46.50096295  45.07908841
   44.59093555  46.50101193  46.50264429  46.50444897  46.19423939
   46.4886165   46.38502211]
 [ 44.57829084  46.46821299  46.50001318  46.50002846  45.03683189
   44.52536713  46.50045634  46.24766389  46.50008492  46.42627467
   46.50021105  46.0224265 ]
 [ 44.48321498  46.50005495  46.23864184  46.50004812  45.0160639
   44.5135115   46.50007864  46.50012807  46.50015253  46.42251267
   46.50006384  46.23022554]
 [ 44.63355866  46.44875269  46.49990379  46.50001995  44.92897799
   44.52235131  46.50000333  46.5000164   46.50003201  46.49842285
   46.33619915  46.23063155]
 [ 44.51994717  46.4171675   46.31980298  46.50000772  45.03438087
   44.59525059  46.50001363  46.50002776  46.50005122  46.50003132
   46.31395116  46.48385637]
 [ 44.5313964   46.50006847  46.24772052  46.50001694  44.94357485
   44.42990308  46.50000937  46.50002487  45.33074027  46.50001821
   46.40035508  46.31348639]
 [ 44.54555957  46.48534063  46.25147294  46.49995871  44.99978287
   44.48981194  46.49910065  46.4789172   46.49989717  46.4997277
   46.31860246  46.22700248]] dB
