
CONSTRAINT EXCEEDED!
Wind Directions: [   0.    22.5   45.    67.5   90.   112.5  135.   157.5  180.   202.5
  225.   247.5  270.   292.5  315.   337.5] degrees
AEP: 4660980.40695 kWh
X-locations (initial): [ 1550.  1900.  2300.  2200.  2400.  2300.  2300.  2300.   220.   350.
   350.   100.   900.   900.   800.  1100.  1300.] m
X-locations (final): [ 1586.23117219  1862.35686369  2538.          2341.84757251  2538.          2538.
  2136.99072205  2361.           452.50282193   121.87043454   233.75554976
   286.86985571   982.18647821  1000.          1000.          1382.24767698
  1409.92587099] m
Y-locations (initial): [ 4020.  4100.  3900.  3700.  3700.  3400.  3200.  3100.  1100.  1000.
   800.   600.  1000.   900.   600.   300.   200.] m
Y-locations (final): [ 4013.          4393.          3704.42935574  3455.64753723  3610.18991832
  3507.07362402  3142.9327692   3049.45460328  1410.          1298.60366428
   969.04430321   742.29515418  1207.75949709  1207.24424683   810.             0.
     0.        ] m
RPM: [[  4.40114387e+00   5.56535303e+00   7.33979433e+00   6.60788972e+00
    6.24523019e+00   7.39548405e+00   1.15532286e+01   1.27119304e+01
    9.58253917e+00   4.45534287e+00   6.29064220e+00   4.31474572e+00
    4.96078552e+00   5.86203960e+00   3.78808586e+00   0.00000000e+00
    1.28154307e+00]
 [  4.18701676e-01   2.53072059e+00   5.31618540e+00   3.71425782e+00
    5.57827878e+00   5.32019451e+00   9.83635747e+00   8.23134041e+00
    4.27751625e+00   4.61629712e+00   6.07546179e+00   6.77897135e+00
    7.27293253e+00   7.03754146e+00   6.42913151e+00   5.26191382e+00
    3.55016448e+00]
 [  3.40364406e+00   0.00000000e+00   8.90596699e+00   1.10788872e+01
    9.95116317e+00   1.00988699e+01   1.31376623e+01   1.20352058e+01
    6.04310597e+00   4.21486976e+00   2.32736299e+00   6.97186673e+00
    9.14731221e+00   8.12456564e+00   6.43959622e+00   4.81365211e+00
    1.39749737e+00]
 [  8.27729975e+00   6.94324795e+00   7.78499539e+00   7.25368512e+00
    9.42659668e+00   9.57827043e+00   1.23592067e+01   1.26122930e+01
    8.88906986e+00   7.78625726e+00   9.51996330e+00   9.26244560e+00
    7.34904653e+00   7.89446139e+00   1.18663749e+00   3.51913462e+00
    4.61492827e+00]
 [  6.26890452e+00   6.99980077e+00   6.59573189e+00   6.19551218e+00
    8.11349313e+00   2.15821998e+01   1.13611637e+01   1.18066764e+01
    6.95685832e+00   8.23468226e+00   4.67096133e+00   4.59087664e+00
    9.66971364e+00   9.41652869e+00   6.51497431e+00   8.49193992e+00
    7.41565536e+00]
 [  9.51432577e+00   4.67953857e+00   9.81861001e+00   6.76973031e+00
    8.57730906e+00   9.67937777e+00   1.18190214e+01   1.18912511e+01
    1.06540692e+01   3.72341774e+00   8.20014513e+00   4.05371579e+00
    5.99757808e+00   4.19454149e+00   3.89714635e-01   2.59977963e+00
    1.93232013e+00]
 [  1.11639535e+01   9.00103096e+00   1.00176809e+01   1.12300105e+01
    1.30907763e+01   1.25826683e+01   1.37410497e+01   1.41803950e+01
    6.89814660e+00   8.08260092e+00   1.12922899e+01   7.79885158e+00
    6.19833653e+00   3.25744234e+00   9.29988555e-01   1.69894312e-01
    1.40301455e+00]
 [  7.14437126e+00   4.56336922e+00   6.60835141e+00   8.00611672e+00
    9.06211999e+00   9.37361591e+00   1.00872674e+01   1.14670361e+01
    6.81711816e+00   9.08206449e+00   9.57702600e+00   6.58480793e+00
    6.62370863e+00   9.88953372e+00   9.54306626e+00   4.49877273e+00
    1.31604861e+00]
 [  5.85058415e+00   4.80347060e+00   4.93552037e+00   9.03658748e+00
    8.73867459e+00   6.92774366e+00   1.14083124e+01   9.13277459e+00
    4.15211205e+00   2.56371563e+00   4.46262611e+00   2.92036557e+00
    1.47982898e+00   1.00606849e-01   4.47714319e+00   6.00460961e+00
    3.15835434e+00]
 [  9.60445304e+00   6.96247678e+00   8.63159817e+00   6.51505559e+00
    1.02032606e+01   1.36187987e+01   1.22277346e+01   1.15177157e+01
    7.33373247e+00   9.91508782e+00   2.64237679e-01   2.14396591e+00
    8.36227103e+00   8.41332661e+00   6.39099856e+00   4.10548011e+00
    4.10094530e+00]
 [  1.42092759e+00   4.50868821e+00   9.47499927e+00   6.19549440e+00
    1.01466822e+01   1.27783974e+01   1.15601695e+01   1.29464563e+01
    9.37894556e+00   1.21268199e+01   1.12681698e+01   1.07685089e+01
    6.92356398e+00   8.47864573e+00   6.88957960e+00   5.62397988e+00
    2.32662972e+00]
 [  8.26460728e+00   6.43445038e+00   5.05341089e+00   5.27742686e+00
    6.66658273e+00   8.63537523e+00   1.19858657e+01   9.60652165e+00
    9.55358186e+00   9.36797350e+00   9.24350079e+00   9.99717677e+00
    7.23445296e+00   1.10601870e+01   2.16116655e+00   2.43597831e+00
    3.03061035e+00]
 [  6.91739379e+00   9.34831219e+00   7.83913720e+00   9.35649344e+00
    9.08773034e+00   8.76854201e+00   1.12284474e+01   1.40584916e+01
    7.40089104e+00   1.71916749e+00   4.57210478e+00   8.11209352e+00
    6.97513072e+00   8.82154324e+00   3.00139956e+00   9.68534224e+00
    1.07611028e+01]
 [  6.08291583e+00   7.37479915e+00   7.56908045e+00   5.15787947e+00
    7.96354608e+00   8.55176775e+00   9.47710755e+00   9.28920602e+00
    6.13314058e+00   4.84163607e+00   5.06723767e+00   2.87619762e-03
    6.84438171e+00   4.43837376e+00   7.75542342e-02   2.49190333e+00
    1.61719115e+00]
 [  5.41854543e+00   5.00963559e+00   6.36797193e+00   5.81714890e+00
    7.38070161e+00   9.70595563e+00   1.05465435e+01   1.19781775e+01
    5.34541909e+00   6.94328429e+00   1.53867447e+00   5.63189366e+00
    3.52736424e+00   4.51847055e+00   4.32732113e-01   5.97397005e+00
    4.97873290e-01]
 [  6.99991243e+00   6.79939380e+00   5.16605276e+00   7.28070341e+00
    9.83745115e+00   8.01208230e+00   1.33573224e+01   1.12610650e+01
    1.00522594e+01   2.00700592e+00   6.84541983e+00   7.69518038e+00
    7.87046710e+00   9.53352013e+00   1.49695925e+01   5.53895953e+00
    2.00987173e+00]]
Effective wind speeds: [[ 15.          15.          15.          15.          14.93010466
   14.92579756  15.          14.98967496  15.          15.          15.
   14.99998977  15.          14.98065063  14.9787916   14.99586308
   14.99999054]
 [ 15.          15.          15.          15.          14.9984095
   14.99936078  14.99996167  14.99011229  14.99994525  15.          14.99450937
   14.99980223  14.93958834  15.          14.99993633  14.9847767   15.        ]
 [ 15.          15.          15.          14.95625623  15.          15.
   14.9708557   15.          14.99065095  14.9961676   14.99543335
   14.99990969  14.90794361  15.          15.          14.99162374  15.        ]
 [ 15.          15.          15.          14.9518336   15.          15.
   15.          15.          15.          14.96505471  14.99935585  15.
   14.89336872  15.          15.          14.95380748  15.        ]
 [ 15.          15.          15.          14.99963228  15.          15.
   15.          15.          15.          14.99979239  15.          14.99991947
   14.85150032  15.          15.          14.91402607  15.        ]
 [ 14.99083183  15.          15.          15.          15.          15.
   14.83589186  15.          14.99110093  14.9999998   15.          15.
   14.96705683  15.          15.          14.98894982  15.        ]
 [ 14.99999543  14.9847109   15.          15.          15.          15.
   15.          15.          14.99937767  14.99957688  14.99999988  15.
   14.98198825  15.          15.          14.99584159  15.        ]
 [ 15.          14.99258554  14.97620039  15.          14.98226856  15.
   15.          15.          15.          14.95559879  14.98984453  15.
   14.92931154  14.99995719  14.99919495  14.99788248  15.        ]
 [ 14.99998645  15.          14.89136215  14.9812856   14.93771167  15.
   15.          15.          15.          15.          14.99999575  15.
   14.99285516  14.98572628  15.          15.          14.97734375]
 [ 14.99873952  14.99983552  14.99477318  14.99963497  14.99399681
   14.95030159  14.99997275  15.          14.99970336  15.          15.
   15.          15.          14.91824448  15.          15.          14.98211691]
 [ 15.          15.          14.99588711  14.99567369  14.98212187
   14.95315384  14.99727138  14.99644635  15.          15.          15.
   15.          15.          14.92962755  15.          15.          14.96138154]
 [ 15.          15.          15.          15.          15.          14.98246287
   15.          15.          14.95992231  15.          15.          15.
   14.99908416  14.90785116  15.          15.          14.97717536]
 [ 15.          15.          15.          15.          15.          14.99997746
   15.          15.          15.          15.          15.          15.
   14.99998462  14.91834771  14.99988525  15.          14.84565989]
 [ 15.          15.          14.99993279  15.          14.99475125
   14.99995443  15.          14.92375349  15.          15.          15.
   15.          14.99171393  14.93975821  14.99999713  15.          14.98547582]
 [ 15.          15.          14.99541355  15.          14.99985966  15.
   15.          14.99999959  15.          15.          15.          15.
   15.          14.98034111  14.99587656  14.99744171  14.97926   ]
 [ 15.          15.          15.          14.99993864  14.99020352
   14.97964181  15.          14.99794214  15.          15.          14.99444945
   14.98924516  15.          14.95886707  15.          14.98643556
   14.98964601]] m/s
Max SPL: 44.758960748 dB
SPL: [[ 39.0337986   40.93460347  42.45247532  42.53346797  40.52895841
   39.66340683  44.4417925   44.35053045  40.56726291  43.21752058
   41.83071246  41.78567028]
 [ 38.00727855  40.50684508  42.22676613  42.29280594  39.99846611
   39.3673339   44.46076323  44.14917042  40.58464528  43.21499126
   41.90320098  41.8946262 ]
 [ 38.61251323  40.66163723  42.21589108  42.32496108  40.06664665
   39.43677531  44.46518548  44.22036809  40.53878386  42.72849794
   41.94624098  41.83221415]
 [ 38.35257648  40.62558558  42.37163289  42.5652548   40.25887324
   39.60988263  44.48489663  44.38152294  40.59560661  43.20793044
   41.85781814  41.71321845]
 [ 38.43066712  40.97243555  42.83849897  42.74764083  40.48454079
   40.0926275   44.4959104   44.29679752  40.55456578  43.22269885
   41.95147055  42.06304388]
 [ 38.25713612  40.80717259  42.6635161   42.59250701  40.191131
   39.7354224   44.53454138  44.41282868  40.65071619  43.23306054
   41.70604066  42.05298894]
 [ 38.50418463  41.00522463  42.53070829  42.62794196  40.48934546
   39.83434313  44.61345189  44.70197156  40.90022171  43.43864568
   41.8531145   41.79146047]
 [ 38.24546351  40.73681307  42.37513923  42.46174181  40.2488124
   39.61378323  44.40767854  43.69474999  40.57716414  43.21598514
   41.9519452   41.92341728]
 [ 39.0173668   40.92616119  42.43259273  42.51908635  40.58570682
   39.69402261  44.28596452  44.16581529  40.41538051  43.08052249
   41.82986299  41.86247047]
 [ 38.30285158  40.82165559  42.49071865  42.55475162  40.24202886
   39.60035619  44.48200273  43.96785146  40.47647557  43.13018345
   42.02326824  42.00453788]
 [ 38.65615474  40.73701025  42.25675313  42.36842931  40.12000494
   39.50150507  44.75896075  44.70768001  40.91255801  43.07380237
   42.11551524  41.96413993]
 [ 38.3267563   40.58124012  42.32418959  42.52050949  40.25450787
   39.60750549  44.56442753  44.40734226  40.68133466  43.32275186
   41.91296376  41.73182498]
 [ 38.29986797  40.85769457  42.62696479  42.53408875  40.34487001
   39.95603893  44.57998429  44.35171402  40.69644946  43.4089323
   41.95469662  42.05644045]
 [ 38.32596676  40.91487004  42.70352617  42.63525369  40.17010096
   39.70620823  44.35864496  44.1487698   40.4392483   43.0374555
   41.62117377  42.00932774]
 [ 38.2048688   40.72328816  42.38757638  42.46457671  40.16085399
   39.52054486  44.32390054  44.18699236  40.56916418  43.17045816
   41.76431528  41.80164746]
 [ 38.28646458  40.7895027   42.43314607  42.51423159  40.25263042
   39.62099     44.61595121  43.77985239  40.72956     43.42985392
   42.28737593  42.17664831]] dB
