
CONSTRAINT SATISFIED WITHIN LIMITS
Wind Directions: [   0.    22.5   45.    67.5   90.   112.5  135.   157.5  180.   202.5
  225.   247.5  270.   292.5  315.   337.5] degrees
AEP: 66807370.5982 kWh
X-locations (initial): [ 1550.  1900.  2300.  2200.  2400.  2300.  2300.  2300.   220.   350.
   350.   100.   900.   900.   800.  1100.  1300.] m
X-locations (final): [ 1404.          1750.89395603  2538.          2288.4970415   2517.98411932
  2414.64049075  2129.51660611  2356.92530268   113.19804589    13.95415647
   209.51829204   199.59389357  1000.          1000.          1000.
  1098.31040778  1410.        ] m
Y-locations (initial): [ 4020.  4100.  3900.  3700.  3700.  3400.  3200.  3100.  1100.  1000.
   800.   600.  1000.   900.   600.   300.   200.] m
Y-locations (final): [ 4049.57982013  4393.          3665.12475677  3353.          3484.35924642
  3353.          3149.45964156  3023.          1410.          1410.
   683.99239674   590.5177552   1210.          1116.           808.37929121
     0.             0.        ] m
RPM: [[ 22.73030802  21.73212307  21.72243763  25.52766729  22.44654888
   26.50854646  26.74959382  26.91134234  21.76885505  21.80159484
    0.65531455   0.70118297  22.66054795  17.87994185   1.2542534
   24.41712727  26.40138093]
 [ 22.30123021  21.29533258  22.23200271  25.54156507  24.75034943
   24.25048552  26.71493899  26.68067256  21.80377417  22.10904565
    0.2727419    0.17797041  21.61225516  21.1900971   19.0647786
   21.19152611  26.72955208]
 [ 22.1913098   21.20876805  22.38255542  26.48751378  24.54029157
   24.6563043   26.44558491  26.97321961  21.50486029  23.75576464
    0.41490906   0.41057884  21.08586918  18.45445913   0.72948486
   23.57530038  26.59048506]
 [ 22.40234466  21.2165663   22.23061378  24.67584974  24.65074904
   23.75688759  26.71226128  26.89964895  21.73666675  22.5080699
    0.2837888    0.26925917  21.98435669  21.64036957  17.23378501
   23.47156201  26.48038263]
 [ 22.60092093  21.22518106  22.22290909  21.25944243  24.65961269
   24.45009833  26.47600496  26.91562821  21.85926429  17.89730204
    0.60769988   0.86930772  21.45173595  21.09259745  18.71322497
   23.90500865  26.77766707]
 [ 22.39998359  21.28146562  22.37651387  24.80863527  24.5682286
   25.60839585  24.6925437   26.74955701  21.80089609  22.05220101
    0.56052141   0.79908483  21.47679169  21.13650433  12.71999319
   24.27170776  24.54329395]
 [ 22.33422629  21.24099112  22.37172134  24.71580393  24.60255185
   24.89024198  26.65356423  26.86264137  21.21415189  21.22890143
    0.30834493   0.39728471  21.78722474  21.42908884  18.83419945
   24.28647016  25.69861726]
 [ 24.4653283    1.82174922  22.30759823  24.69740639  24.66425763
   25.65036812  26.68481403  26.90846841  21.86774974  21.89204554
    0.55943362  12.28128118  22.10193217   1.87454695  20.99339971
   24.33610296  24.78512963]
 [ 22.77069875  21.72636076  17.88741573  24.61587021  24.38980962
   25.46752634  26.6750557   26.87282026  21.88267865  21.89013057
    0.55214356   1.13776265  22.09147741   1.81512409  21.14998672
   24.45193786  24.82897831]
 [ 22.32321647  21.24643833  21.8817418   25.43690254  24.45071615
   25.40796401  26.68414922  26.84203799  21.76591214  21.85345181
    0.25587164   0.18732709  21.63238343  21.22353547  19.12070189
   21.08379651  26.70326677]
 [ 22.18986103  21.15478119  22.39196031  25.57075463  23.82875125
   26.46592549  26.73924069  26.96310592  21.4589606   23.73995004
    0.41065676   0.40534494  21.07395826   1.05291798   0.74780154
   23.55547095  26.58169684]
 [ 22.39820919  21.21856857  22.24953026  24.80932907  24.5574006
   23.72067619  26.71686528  26.90366729  21.73007178  22.50702646
    0.27916984   0.26709298  21.89239667  21.67572853  17.29810002
   23.47580409  26.48376321]
 [ 22.64565246  21.25366752  22.28582771  23.93202918  24.69618616
   21.53075496  26.49643739  26.91520179  17.67097042  21.76545018
    0.47993283   0.62158029  21.59079108  21.14198353  18.7098015
   25.63894713  24.32683648]
 [ 22.39739862  21.26789304  22.28805215  24.72365957  24.45426787
   25.5341023   26.54845053  24.99712532  21.79636908  22.03309297
    0.5578536    0.79614589  21.46051521  21.1305119   12.72396005
   24.31830421  24.61502259]
 [ 22.3118646   21.23675232  22.37341595  24.7250036   24.61769936
   24.90561811  26.65514815  26.79382646  21.20650819  21.2144221
    0.3021988    0.38518748  21.78759837  21.43165767  18.83250099
   24.29445087  25.70298574]
 [ 22.37994082  21.19698581  22.1828234   24.54344513  24.48803642
   25.5125924   26.63557695  26.78900927  21.6805718   21.75414939
    0.51983398   0.69580076  21.63800435  17.54022895  12.87446387
   24.41208572  25.45433848]]
Effective wind speeds: [[ 15.          15.          15.          15.          13.83953829  15.
   15.          14.97264072  15.          15.          15.          14.99490363
   15.          12.88373541  13.80849486  14.99873214  14.97920746]
 [ 15.          15.          15.          15.          14.99976107
   14.15190253  14.99974934  14.78541895  14.99929274  15.          14.98183426
   14.98275623  15.          14.93212792  14.99847607  14.9394667   15.        ]
 [ 14.47493886  15.          15.          14.98121958  15.          14.29966769
   14.65188274  15.          14.99836147  14.99938461  14.99884982
   14.99926686  15.          15.          15.          15.          15.        ]
 [ 15.          15.          15.          14.84028288  15.          15.
   15.          15.          15.          14.65158545  14.9999928
   14.99993544  15.          15.          15.          15.          15.        ]
 [ 15.          15.          15.          12.75058198  15.          15.
   15.          15.          15.          13.08630169  15.          15.
   15.          15.          15.          13.55055641  15.        ]
 [ 14.99419839  15.          15.          14.99999386  15.          15.
   14.13080862  15.          14.99586779  14.95935607  15.          14.99462249
   15.          15.          15.          15.          15.        ]
 [ 14.89792604  14.94845157  15.          15.          15.          15.
   15.          15.          14.98194249  14.90595531  15.          15.
   15.          15.          15.          15.          15.        ]
 [ 15.          14.89982318  15.          14.9910989   15.          15.
   15.          15.          15.          14.99999918  14.98077154  15.
   14.9933772   14.88620845  14.99491891  15.          15.        ]
 [ 14.97500783  14.99999996  13.50115843  15.          15.          14.97222496
   15.          15.          14.99999868  15.          14.99100709  15.
   14.32051876  14.08143499  15.          15.          15.        ]
 [ 14.99933198  14.99997763  13.90594799  14.99944051  14.69126059
   14.98151118  14.9992799   14.97429425  15.          15.          14.99977195
   15.          14.93500247  15.          15.          15.          15.        ]
 [ 15.          14.41560169  14.9748286   14.80238659  14.13993705
   14.97002876  14.99957014  14.9999986   15.          15.          15.
   15.          15.          15.          15.          15.          15.        ]
 [ 15.          15.          15.          15.          14.86418538
   14.90574809  15.          15.          14.62197601  15.          15.
   15.          15.          14.99999999  14.99999988  15.          15.        ]
 [ 15.          15.          15.          15.          15.          12.84271685
   15.          15.          13.10560945  15.          15.          15.
   15.          15.          15.          15.          13.63553915]
 [ 15.          15.          14.99632723  15.          14.99631054
   14.99999423  15.          14.13821555  14.95835695  15.          15.
   15.          15.          14.99552467  15.          15.          14.9999874 ]
 [ 15.          15.          14.95451894  15.          14.99749416  15.
   14.99981199  14.92776246  15.          15.          15.          15.
   15.          15.          15.          15.          14.93613737]
 [ 15.          15.          15.          14.99923877  15.          15.
   14.9995593   14.93683335  15.          15.          14.99961548
   14.99975072  15.          14.57169589  15.          15.          14.94731055]] m/s
Max SPL: 44.5001027533 dB
SPL: [[ 42.89159138  44.50000022  44.50000025  44.48619072  43.3490284
   42.87348506  44.50000006  44.50000025  44.30890959  44.29415766
   44.05761748  44.50000011]
 [ 42.15724656  44.50000004  44.38694721  44.50000004  43.1942129
   42.72804466  44.50000017  44.44294643  44.50000024  44.1773939
   43.82655962  44.18708871]
 [ 42.28503549  44.50000013  44.50000016  44.49651605  43.2254191
   42.76285612  44.5000007   44.23889847  44.32886915  44.50000054
   43.97478155  44.35255465]
 [ 42.06449992  44.50000344  44.50000107  44.37800996  43.15844038
   42.70366177  44.49998124  44.50000014  44.31540365  44.5000001
   44.051543    44.46832595]
 [ 42.25024163  44.50000354  44.5000069   44.50000726  43.17169752
   42.75300157  44.5000004   44.50000045  44.44858891  44.48041545
   44.09253195  44.50000053]
 [ 42.22808232  44.50000005  44.46112456  44.50000006  43.34451854
   42.82396767  44.50000009  44.50000009  44.29330446  44.46225585
   43.98538386  44.50000023]
 [ 42.16078242  44.50000006  44.38802062  44.50000003  43.20283854
   42.73739863  44.5000001   44.50000015  43.83970745  44.50000015
   44.18290485  44.50000032]
 [ 42.6290574   44.5000002   44.37743741  44.50000021  43.60760917
   43.13782052  44.50000295  44.50000492  44.13887475  44.50000247
   44.3483927   44.50000081]
 [ 42.88935705  44.50010275  44.5000307   44.47904903  43.31084336
   42.8353509   44.50002049  44.50003799  44.30369745  44.35310126
   44.34466734  44.50000575]
 [ 42.16799916  44.50000011  44.38045506  44.50000009  43.22412633
   42.75797655  44.50000266  44.42354276  44.5000005   44.17978429
   43.82545757  44.18101029]
 [ 42.28472899  44.50000008  44.49999997  44.49999995  43.25989332
   42.79791538  44.50000123  44.23545625  44.32880177  44.50000084
   43.97376486  44.35093347]
 [ 42.0642242   44.50000036  44.50000027  44.38002574  43.16176361
   42.70674855  44.49785393  44.5000018   44.31537705  44.50000344
   44.05752359  44.4721274 ]
 [ 42.27053499  44.50000018  44.50000015  44.50000015  43.15049505
   42.71853242  44.50000001  44.5000002   44.4692317   44.50000007
   44.19782835  44.42213399]
 [ 42.23167676  44.50000004  44.45636651  44.50000004  43.39031922
   42.8689815   44.50000012  44.50000015  44.2966453   44.46654852
   44.00159966  44.50000016]
 [ 42.15947244  44.50000007  44.38803077  44.50000003  43.20082168
   42.73527755  44.5000001   44.50000016  43.83952605  44.50000015
   44.18329473  44.50000033]
 [ 42.18312671  44.50000029  44.38582328  44.50000016  43.22479805
   42.76052218  44.50000331  44.50000073  44.16044616  44.49875198
   44.20602778  44.50000292]] dB
