
CONSTRAINT EXCEEDED!
Wind Directions: [   0.    22.5   45.    67.5   90.   112.5  135.   157.5  180.   202.5
  225.   247.5  270.   292.5  315.   337.5] degrees
AEP: 21541407.3088 kWh
X-locations (initial): [ 1550.  1900.  2300.  2200.  2400.  2300.  2300.  2300.   220.   350.
   350.   100.   900.   900.   800.  1100.  1300.] m
X-locations (final): [ 1429.91816412  1799.0041449   2538.          2306.53738148  2537.99994084
  2415.41283108  2157.19815293  2361.           417.32902557     0.
   281.5139182    187.00034869  1000.          1000.          1000.
  1317.36265889  1410.        ] m
Y-locations (initial): [ 4020.  4100.  3900.  3700.  3700.  3400.  3200.  3100.  1100.  1000.
   800.   600.  1000.   900.   600.   300.   200.] m
Y-locations (final): [ 4145.35316611  4196.24440412  3705.09276597  3531.49063252  3411.52596109
  3463.77798523  3175.94319661  3078.53457467  1410.          1410.
   747.3942362    622.94901857  1210.          1116.1320401    657.79485743
     0.           154.92513107] m
RPM: [[  1.60123085e+01   1.08508487e+01   1.34045597e+01   1.53385749e+01
    1.73878570e+01   1.83938436e+01   1.96460167e+01   1.97777400e+01
    2.74881956e+00   0.00000000e+00   0.00000000e+00   0.00000000e+00
    3.07760468e+00   1.66339298e+00   0.00000000e+00   5.99608592e+00
    9.74575611e+00]
 [  1.34906075e+01   1.53758820e+01   1.42355792e+01   1.48783160e+01
    1.78091382e+01   1.80685089e+01   1.93000542e+01   1.99656965e+01
    0.00000000e+00   0.00000000e+00   0.00000000e+00   0.00000000e+00
    3.69012913e+00   3.50902961e-01   0.00000000e+00   3.91716877e+00
    1.02658915e+01]
 [  1.67869965e+01   7.20435629e+00   1.04469790e+01   1.32099761e+01
    2.18769218e+01   1.73711820e+01   2.01179880e+01   2.61878664e+01
    6.94676544e+00   4.24387199e+00   0.00000000e+00   0.00000000e+00
    1.13172191e+01   8.88570669e+00   0.00000000e+00   1.52664979e+01
    1.76443463e+01]
 [  1.49952829e+01   1.29777787e+01   1.33239332e+01   1.50266045e+01
    1.77195830e+01   2.07596550e+01   2.03739456e+01   2.11147548e+01
    1.27971344e+00   1.74684143e-01   0.00000000e+00   0.00000000e+00
    5.89861359e+00   2.73520056e+00   0.00000000e+00   1.02049102e+01
    9.73813156e+00]
 [  1.87187486e+01   1.73568223e+01   1.24488719e+01   1.45194873e+01
    1.68480596e+01   1.54927360e+01   1.98815064e+01   1.95969069e+01
    2.59724413e+00   0.00000000e+00   0.00000000e+00   0.00000000e+00
    5.35833807e+00   2.65112657e+00   4.43638350e-01   8.10887793e+00
    1.32818057e+01]
 [  1.68295012e+01   1.01665629e+01   1.49752987e+01   1.51280218e+01
    1.79310474e+01   1.74814255e+01   1.82042995e+01   2.05035023e+01
    2.03540995e+00   2.94943036e-01   0.00000000e+00   0.00000000e+00
    3.39001927e+00   1.88880449e-02   0.00000000e+00   1.84326621e+00
    7.27713857e+00]
 [  1.65677088e+01   9.81710422e+00   1.59675703e+01   1.18943155e+01
    1.52479886e+01   1.81272308e+01   1.77894746e+01   2.02049100e+01
    0.00000000e+00   0.00000000e+00   0.00000000e+00   0.00000000e+00
    4.66129015e+00   7.35491178e-01   1.71577583e+00   2.90408609e+00
    7.90115151e+00]
 [  1.87267688e+01   1.16694206e+01   1.53084937e+01   1.43665333e+01
    2.18784873e+01   2.12052495e+01   2.38830495e+01   2.35864879e+01
    5.74464361e+00   0.00000000e+00   4.63500871e-04   0.00000000e+00
    5.51334801e+00   0.00000000e+00   0.00000000e+00   9.97159796e+00
    2.04381436e+01]
 [  1.69104931e+01   7.39361583e+00   1.51427219e+01   1.32510844e+01
    1.82837365e+01   1.64950419e+01   2.29156601e+01   2.29026218e+01
    5.20706848e+00   0.00000000e+00   0.00000000e+00   0.00000000e+00
    0.00000000e+00   4.75786513e+00   4.75782323e+00   5.99351084e+00
    1.00294340e+01]
 [  1.60784599e+01   1.45730803e+01   1.26074088e+01   2.11536361e+01
    1.56464799e+01   2.23848830e+01   1.92859013e+01   2.05002249e+01
    0.00000000e+00   0.00000000e+00   0.00000000e+00   0.00000000e+00
    2.73372154e+00   0.00000000e+00   0.00000000e+00   1.30621470e+01
    1.79761055e+01]
 [  1.70688474e+01   9.27062491e+00   1.28189228e+01   1.30041426e+01
    1.83440600e+01   1.68680725e+01   2.32285037e+01   2.45839148e+01
    0.00000000e+00   0.00000000e+00   0.00000000e+00   1.56696339e-03
    7.62095080e+00   6.98894861e+00   0.00000000e+00   1.23241014e+01
    1.49006784e+01]
 [  1.63721931e+01   9.92427440e+00   1.73447853e+01   1.47226588e+01
    1.90697302e+01   1.65898183e+01   1.83339718e+01   1.98750130e+01
    0.00000000e+00   0.00000000e+00   0.00000000e+00   4.75627800e+00
    0.00000000e+00   0.00000000e+00   0.00000000e+00   1.99130347e+00
    1.65791320e+01]
 [  1.81872275e+01   9.57015480e+00   1.63660711e+01   1.43781666e+01
    1.74406826e+01   1.74474604e+01   1.75866804e+01   2.10968654e+01
    5.25812203e+00   1.40549655e+00   4.75613438e+00   4.76932630e+00
    2.26794214e+00   2.32394738e+00   0.00000000e+00   7.59711750e+00
    1.27536880e+01]
 [  1.97938823e+01   1.15681952e+01   1.34648743e+01   1.46555208e+01
    1.71225130e+01   1.78887020e+01   1.96953682e+01   2.08241410e+01
    5.92371812e+00   0.00000000e+00   0.00000000e+00   3.60973528e-05
    4.36401247e+00   1.20645651e+00   0.00000000e+00   3.90717340e+00
    1.10179830e+01]
 [  1.51922504e+01   1.45038306e+01   1.51747189e+01   1.70452977e+01
    1.09723514e+01   1.83598824e+01   1.55554479e+01   1.99823520e+01
    0.00000000e+00   4.76515011e+00   0.00000000e+00   0.00000000e+00
    2.52784059e+00   0.00000000e+00   4.75795588e+00   1.63776157e+00
    3.65168978e+00]
 [  1.89324999e+01   1.10435402e+01   1.30430558e+01   1.45349601e+01
    2.17013092e+01   1.82779243e+01   2.50979979e+01   2.49904383e+01
    0.00000000e+00   1.52920646e-03   0.00000000e+00   0.00000000e+00
    4.97508753e-01   0.00000000e+00   8.12388397e-06   9.50091762e+00
    1.94106418e+01]]
Effective wind speeds: [[ 15.          15.          15.          15.          14.7792457   15.
   15.          14.97119263  15.          15.          15.          15.
   15.          14.9753968   14.99287846  14.9967041   14.99195275]
 [ 15.          15.          15.          15.          15.          14.75535167
   14.75296418  14.82172075  14.99971692  15.          14.9928261
   14.99893182  15.          14.99891119  14.99784847  14.93330576
   14.99974391]
 [ 15.          15.          15.          14.98126214  15.          15.
   14.83387873  15.          14.95417942  14.99981396  14.99916424
   14.99932232  15.          15.          15.          14.99633851  15.        ]
 [ 15.          15.          15.          15.          15.          15.
   15.          15.          15.          15.          14.99995414  15.
   15.          15.          15.          15.          15.        ]
 [ 14.99734763  15.          15.          15.          15.          14.9872699
   15.          15.          15.          14.99266587  14.99999786
   14.99986256  15.          15.          15.          15.          15.        ]
 [ 14.95361555  15.          15.          13.98947698  15.          13.94219247
   13.85716364  15.          14.99910444  15.          14.99995708
   14.99749608  15.          15.          15.          15.          15.        ]
 [ 14.99723703  14.94328548  15.          14.86258225  15.          15.
   15.          15.          15.          14.99956863  15.          15.
   15.          15.          14.99954501  15.          15.        ]
 [ 15.          14.94691372  15.          15.          15.          15.
   15.          15.          15.          14.99999947  15.          15.
   14.86200164  14.84594197  14.99664467  15.          15.        ]
 [ 14.9985678   15.          14.34705813  14.99517905  15.          14.9498773
   15.          15.          15.          15.          15.          15.
   14.95889595  14.98740441  15.          15.          15.        ]
 [ 15.          15.          14.03670049  14.43125237  14.73716399  15.
   15.          14.99993648  15.          15.          15.          15.
   15.          15.          15.          15.          14.83623475]
 [ 15.          15.          14.95735762  15.          15.          14.64482372
   15.          15.          15.          15.          14.99999713  15.
   15.          15.          15.          15.          14.99901056]
 [ 15.          15.          15.          15.          15.          15.
   15.          15.          15.          15.          15.          15.
   15.          15.          15.          15.          15.        ]
 [ 15.          14.99694225  15.          15.          14.98578178  15.
   15.          15.          14.99619134  15.          15.          15.
   15.          15.          14.99829722  15.          15.        ]
 [ 15.          15.          14.88824596  15.          13.83609464
   14.61977476  15.          13.96911077  15.          15.          15.
   15.          14.99830196  14.99730426  15.          15.          14.99999999]
 [ 15.          15.          15.          15.          14.95298266
   14.88629925  15.          14.99885385  15.          15.          15.
   15.          15.          15.          15.          14.99926237
   14.99976834]
 [ 15.          15.          15.          15.          15.          15.
   14.99563025  14.99980374  15.          15.          14.99999827  15.
   15.          14.99917708  15.          15.          14.99969707]] m/s
Max SPL: 43.995685841 dB
SPL: [[ 41.26572984  43.89400826  42.84121545  43.11157296  40.41626297
   40.00550275  43.5858252   43.36836201  42.90993884  43.68407029
   43.82279519  43.49599214]
 [ 40.56509407  43.2129489   42.68835281  43.11973832  40.1721075
   39.65787535  43.56757145  43.02971323  42.91630665  43.72439789
   43.79975935  43.48263274]
 [ 39.21504292  42.44380158  42.83203054  43.06108493  40.23644512
   39.76010052  43.82674307  43.29811929  42.99046621  43.47955689
   43.97213543  43.09234652]
 [ 40.93493709  43.49458918  42.83359183  43.18643625  40.46051009
   39.96818573  43.65113373  43.36778189  42.94043184  43.76825224
   43.86807883  43.44468126]
 [ 40.08086526  41.83238449  42.57080364  42.46450035  39.93363379
   39.41211166  43.63710064  43.60457478  43.17655761  43.75989444
   43.8125445   43.49473664]
 [ 39.66459897  42.06212358  43.05809626  43.21511297  40.32200439
   39.76413509  43.59379223  43.39677894  42.98363159  43.74430591
   42.87308506  43.56725337]
 [ 41.41012111  43.99357859  43.02280761  43.24253045  40.49644868
   39.99658422  43.55460156  43.49947289  42.11972702  43.75310416
   43.78442364  43.50852413]
 [ 40.77294413  43.29212012  43.66955378  43.8934538   41.09105403
   40.59458104  43.45395506  43.46878961  42.92022376  43.82351569
   43.96551678  43.87078737]
 [ 39.67493767  42.16954188  43.00057648  43.22317407  40.31269854
   39.89433599  43.68253119  43.41295159  42.94675685  43.74763625
   43.99568584  43.63429435]
 [ 41.39338181  43.98362767  43.29097752  43.65825145  40.87112345
   40.35764748  43.5631111   43.03972159  42.92079529  43.70149738
   43.73891232  43.20077531]
 [ 39.34732493  42.61923348  42.8929031   43.13118004  40.45975525
   39.97736586  43.76352517  43.23936699  42.96672454  43.45266628
   43.97419749  43.38270669]
 [ 41.3087669   43.90967799  42.75392201  43.13614932  40.47074298
   39.97561177  43.62447173  43.44156133  43.07794266  43.83910199
   43.94663045  43.79347327]
 [ 40.0464671   41.96874449  42.82373095  42.84354516  39.87221499
   39.34861165  43.699369    43.7690241   43.35306804  43.89662594
   43.79400621  43.39622233]
 [ 40.9913347   43.48052711  43.08121519  43.27841403  40.63282675
   40.08144624  43.67163444  43.44442586  43.02614951  43.78747559
   42.96206435  43.7481259 ]
 [ 41.06775351  43.68213419  42.80580712  43.05243731  40.34632645
   39.84998658  43.5629361   43.51041869  42.12199273  43.75883894
   43.83636033  43.41495703]
 [ 40.80369632  43.31297538  43.42667835  43.67494071  41.13288035
   40.64234032  43.37065459  43.42629398  42.88796014  43.77501295
   43.87257201  43.60761376]] dB
