
CONSTRAINT SATISFIED WITHIN LIMITS
Wind Directions: [   0.    22.5   45.    67.5   90.   112.5  135.   157.5  180.   202.5
  225.   247.5  270.   292.5  315.   337.5] degrees
AEP: 94451275.322 kWh
X-locations (initial): [ 1550.  1900.  2300.  2200.  2400.  2300.  2300.  2300.   220.   350.
   350.   100.   900.   900.   800.  1100.  1300.] m
X-locations (final): [ 1404.          1734.          2538.          2204.89086951  2490.84672566
  2225.22014979  2162.97684171  2317.22416615     6.12546736   112.27189199
   242.00242528   159.72659125  1000.          1000.           968.48378295
  1271.77635304  1410.        ] m
Y-locations (initial): [ 4020.  4100.  3900.  3700.  3700.  3400.  3200.  3100.  1100.  1000.
   800.   600.  1000.   900.   600.   300.   200.] m
Y-locations (final): [ 4115.18899588  4187.0978577   3778.66567402  3531.63047529  3565.91623813
  3377.69508579  3132.2366721   3023.          1410.          1341.3439334
   665.41292194   615.45862623  1210.           912.95998657   729.41529582
    99.20139047     0.        ] m
RPM: [[ 27.87589726  27.89137158  28.1254112   28.03585384  27.88830723
   26.71017289  27.70132779  28.22325898  27.1554507   26.98745242
   24.40193641  23.76948076  27.39058539  24.36237493  25.69373173
   27.99602324  28.02787144]
 [ 27.81808683  27.96320724  28.23322773  28.2132556   28.09378265
   28.21049357  28.02450598  28.1672427   27.33547165  27.07989631
   24.37624986  23.74148961  26.89263071  26.52189284  25.4019314
   27.52610167  27.73317518]
 [ 28.05350467  27.74541961  27.87204509  27.81401724  27.96899793
   27.90678363  28.09136434  28.12350665  27.3730687   27.05636551
   24.12680255  23.84477914  26.73870692  26.40159512  24.91715926
   27.76077649  27.86056278]
 [ 27.98612202  27.71426449  27.86464604  27.84416381  27.96097897
   27.9891501   28.08225375  28.11521312  27.36515665  27.0637515
   23.86076839  24.20909189  26.69003667  26.34871636  24.7320338
   27.73638931  27.85862764]
 [ 28.05687472  27.76535072  27.89122403  27.65399653  27.96710175
   28.00453616  28.09115939  28.11894674  26.95975583  26.93221345
   23.56615987  23.38311005  26.79142417  25.67236803  26.07937941
   27.69530853  27.82832904]
 [ 28.00211913  27.63641425  27.79910226  27.78015302  27.90045769
   27.95160369  27.49874691  28.00508793  24.37471089  26.83323741
   23.68308057  24.44319508  26.91904799  26.54171395  25.61630916
   26.59784841  27.51105465]
 [ 27.99691695  27.68652569  27.83287028  27.80494055  27.93564876
   27.96511869  27.7182007   28.09134844  26.71819689  26.87036942
   23.3850381   24.61530174  26.84150738  26.47086057  25.45249951
   27.01579419  27.7184036 ]
 [ 28.02980887  27.57405716  28.11516219  27.36050171  28.14862703
   27.93113912  28.16536317  28.18423167  27.31091646  27.07853481
   23.77120054  24.12499443  26.89434472  25.69045733  25.60255303
   27.658738    27.81242856]
 [ 27.80420866  27.98405209  27.9597318   26.65184063  28.24070623
   28.20413182  28.23032719  28.23819041  27.1861196   27.00021301
   24.4046139   23.86323933  24.76672448  24.90382636  26.37278765
   27.41835256  27.71910734]
 [ 27.84984404  27.9346427   28.10098529  28.14639796  28.18881273
   28.03594979  28.20162392  28.20804855  27.33492186  27.08210395
   24.36915654  23.73777298  26.90394865  26.51332736  25.39909599
   27.51940153  27.72837093]
 [ 28.07728376  27.77855539  27.8380542   27.79779887  27.91210515
   27.94074397  28.11679366  28.1475131   27.66505701  27.52032682
   22.74586967  24.5848239   27.08696986  26.69745843  24.97940393
   27.51531813  27.7657337 ]
 [ 27.99655217  27.68550483  27.86696529  27.84861586  27.96633495
   27.99773368  28.09631604  28.13014113  27.56886006  27.29750504
   22.84397555  24.53429902  26.92416269  25.7809391   25.6685216
   27.67192451  27.83849159]
 [ 28.05238573  27.75165857  27.88113062  27.84218419  27.74695164
   27.99962537  28.09060763  28.11951735  26.94826755  26.93088033
   23.57262309  23.3805026   26.83117705  25.84232507  25.85797021
   27.75575518  27.86848758]
 [ 28.00704935  27.64155797  27.76440807  27.7688614   27.88175138
   27.94591548  28.0397264   27.46158173  27.24696585  24.18399707
   23.64398615  24.44368386  27.0167859   26.57480171  25.84319992
   26.91250806  26.82364532]
 [ 27.99804758  27.68015949  27.83172868  27.80360339  27.93328439
   27.94877726  28.04900962  27.74508666  27.18288175  26.52760643
   23.43397032  24.55078943  26.82752956  26.4631078   25.47839005
   27.36500806  27.12565573]
 [ 27.94379689  27.76166986  27.97899015  27.91332571  28.04738231
   27.32787573  27.69778497  27.95268285  27.34160127  27.07761569
   23.77437542  24.13859035  26.85538201  25.64982478  25.6913744
   27.5858106   27.63404169]]
Effective wind speeds: [[ 15.          15.          15.          15.          14.83915019
   14.18523085  14.71598669  15.          15.          15.          15.
   14.9677206   15.          13.45247858  13.96906263  14.99888195
   14.9720056 ]
 [ 15.          15.          15.          15.          14.92469314  15.
   14.89841517  14.97666278  15.          14.99861707  14.96809321
   14.97243438  14.99999998  14.99798412  14.94764697  14.99864504  15.        ]
 [ 15.          15.          15.          14.98134526  15.          14.94503066
   15.          15.          14.95367896  14.93129361  14.99930856
   13.49423976  15.          15.          15.          15.          15.        ]
 [ 14.98429362  15.          15.          15.          15.          15.
   15.          15.          15.          15.          14.95504351
   13.83080701  15.          15.          15.          15.          15.        ]
 [ 15.          15.          15.          14.85805955  15.          15.
   15.          15.          15.          15.          14.99437364  15.
   15.          15.          15.          15.          15.        ]
 [ 14.99391519  14.98322205  15.          15.          15.          15.
   14.6665022   15.          13.28491674  14.91835328  14.99995737
   14.88857607  15.          15.          15.          14.51902896  15.        ]
 [ 14.9899451   14.99962577  15.          15.          15.          15.
   14.79035699  15.          14.51055791  14.86610486  15.          15.
   15.          15.          15.          14.61927006  15.        ]
 [ 15.          14.74920317  15.          14.58117314  15.          14.88520467
   15.          15.          14.98436809  15.          15.          15.
   14.99333957  14.82944508  14.90954771  15.          15.        ]
 [ 14.97204256  14.99999093  14.83907969  14.13634964  15.          14.99403728
   15.          15.          15.          14.97357216  15.          15.
   13.42424941  14.13371487  15.          15.          15.        ]
 [ 14.99851     14.96551956  14.92469035  14.96047765  14.97665777
   14.89840621  14.99904562  14.99893104  15.          15.          14.99924551
   15.          15.          14.97330319  15.          15.          15.        ]
 [ 15.          15.          14.9568879   14.94679179  14.94471606
   14.95078695  14.9989402   14.99903409  15.          15.          13.4387411
   15.          15.          15.          15.          15.          15.        ]
 [ 15.          14.98424023  15.          15.          15.          15.
   15.          15.          15.          15.          13.78319876  15.
   15.          14.8594561   15.          15.          15.        ]
 [ 15.          15.          15.          15.          14.85825117  15.
   15.          15.          15.          15.          15.          15.
   15.          15.          14.99532077  15.          15.        ]
 [ 15.          15.          14.98326252  15.          14.99390896  15.
   15.          14.66641119  15.          13.27130732  15.          15.
   15.          14.9156557   15.          14.90574183  14.5241922 ]
 [ 15.          15.          15.          15.          14.99962702
   14.99002755  15.          14.79041214  15.          14.53424866  15.
   15.          15.          15.          15.          14.86400797
   14.59180556]
 [ 15.          15.          15.          15.          15.          14.58192282
   14.75016366  14.88520603  15.          15.          14.98056061  15.
   15.          15.          15.          14.90238161  14.85180683]] m/s
Max SPL: 48.0008499629 dB
SPL: [[ 45.74176968  47.9999982   47.79581325  47.99999813  45.67604649
   45.63753429  47.9998982   47.99966317  47.98136896  47.99393344
   47.93637478  47.99997533]
 [ 45.99648243  48.00000002  47.92076288  47.95841405  45.71968642
   45.19779113  48.00000012  48.0000001   48.00000003  47.78637783
   48.00000005  47.98675065]
 [ 46.01848638  47.97255738  47.79405365  48.00000001  45.67710513
   45.15910124  48.00000034  47.75297389  47.91347771  47.99999902
   47.99999165  47.90166255]
 [ 45.7248011   47.99999959  47.80936868  48.00000002  45.66606586
   45.14984369  48.00000003  47.90746937  47.99989376  47.99999803
   47.86873642  47.94134163]
 [ 45.83482371  47.9235992   47.96990793  47.99999989  45.65933577
   45.25959297  47.99997996  47.99994678  47.999998    47.92061213
   47.99894007  47.8384991 ]
 [ 45.80180933  47.92746528  47.85335326  48.          45.74419383
   45.26358806  48.00000007  47.85502557  48.00000019  48.00000017
   47.86796968  48.00000016]
 [ 45.77285176  47.99999997  47.79657059  48.00000001  45.63780062
   45.1154285   48.00000013  48.00000035  46.87974273  48.00000023
   47.95080198  47.88579362]
 [ 45.77922637  48.00000002  47.80662635  47.99999999  45.65218286
   45.13418387  47.99999981  47.99999535  47.99999877  47.99990877
   48.00000007  47.99372334]
 [ 45.73397858  48.00001027  47.78506403  47.98884416  45.71351794
   45.68520941  47.95998046  48.00001507  47.99993625  47.99999034
   48.00000524  47.91051944]
 [ 45.99761522  48.00000005  47.89533035  47.93504662  45.71474134
   45.19374751  48.00000014  48.00000008  48.00000002  47.78617117
   48.00000007  47.98550059]
 [ 46.03293445  47.98674923  47.79255062  47.99999748  45.68742404
   45.17013893  47.99979896  47.7630751   47.99962396  47.84251595
   47.99992363  47.87220396]
 [ 45.72803121  48.00000006  47.80978983  48.00000008  45.67035139
   45.15470939  48.00000422  47.84881178  48.00000788  47.88461272
   48.00000171  47.99577677]
 [ 45.83217711  47.92006686  47.96728305  48.00000043  45.6622822
   45.26218759  47.99995735  48.00000556  48.0000047   47.91735319
   47.97620781  47.84008718]
 [ 45.82373054  47.92683298  47.8527931   48.00000001  45.75374626
   45.27403588  48.00000009  47.8384653   48.00000019  48.00000017
   47.90225716  48.00000012]
 [ 45.77350527  48.00000022  47.7963833   48.00000022  45.64222364
   45.11978939  48.00000435  48.00000882  46.87037897  48.00000304
   47.95541669  47.89225131]
 [ 45.75737262  48.00000623  47.79943361  48.00000656  45.61041787
   45.08923766  48.00046111  48.00073939  48.00084996  47.99888813
   48.00019543  47.96528687]] dB
