
CONSTRAINT SATISFIED WITHIN LIMITS
Wind Directions: [   0.    22.5   45.    67.5   90.   112.5  135.   157.5  180.   202.5
  225.   247.5  270.   292.5  315.   337.5] degrees
AEP: 86512303.3428 kWh
X-locations (initial): [ 1550.  1900.  2300.  2200.  2400.  2300.  2300.  2300.   220.   350.
   350.   100.   900.   900.   800.  1100.  1300.] m
X-locations (final): [ 1404.          1756.99361215  2538.          2290.22872944  2538.
  2132.9176864   2361.          2204.67877446     0.           173.31123683
   205.21276696   204.40968876  1000.          1000.          1000.
  1235.49495394  1406.0209568 ] m
Y-locations (initial): [ 4020.  4100.  3900.  3700.  3700.  3400.  3200.  3100.  1100.  1000.
   800.   600.  1000.   900.   600.   300.   200.] m
Y-locations (final): [ 4018.03071472  4311.54074861  3577.77688725  3376.23495748  3419.11095678
  3353.          3023.          3053.40851865  1395.74772322  1410.
   660.72035469   557.8645803   1210.          1116.           722.35214235
     0.             0.        ] m
RPM: [[ 26.61125165  24.38422432  26.6685425   27.10091393  22.84224615
   27.08037435  27.62105536  27.56814953  26.51652047  26.44318241
   20.87480918  16.46520776  24.08866206  19.35417855  17.73112337
   26.61809479  26.70509512]
 [ 26.85735859  24.57016604  26.81551968  26.89099626  26.85928215
   26.87796687  25.7143534   27.35471781  26.67098034  26.55705374
   21.03215624  19.3976983   24.31667465  22.41705842  21.57717113
   26.5005957   26.62256939]
 [ 26.60352765  24.15446292  26.3128871   25.44170702  26.84044065
   26.71504319  27.33134905  26.81865988  26.80339588  26.58539987
   21.19671757  19.39748768  23.83838559  22.24212954  21.68073811
   27.00588259  27.12881137]
 [ 26.62297569  24.01078632  27.12706547  27.0699922   27.37573756
   26.60393145  27.65915492  27.60689888  26.76800805  25.81638319
   18.71993312  20.8658272   23.76077976  23.4552535   21.22499186
   26.60433492  26.73060069]
 [ 26.72794987  24.36423943  27.12151615  27.04256357  27.38388496
   26.45375459  27.54372625  25.81502534  23.92908613  25.65682412
   21.09626799  18.7514841   24.25660912  23.53428087  22.25338639
   23.00225789  27.04802645]
 [ 26.56074343  23.97396927  26.70164919  26.93071312  27.04701718
   26.91858883  27.36957099  27.06696176  26.71588865  26.55757551
   21.1075787   19.57050063  24.2308659   22.37555771  21.27857838
   25.0841794   25.8578187 ]
 [ 26.56717628  24.11442325  26.88805906  26.9741731   27.00444662
   26.95567635  27.51819701  27.15877931  24.89067923  26.41206338
   18.50384346  21.62982407  24.41440315  23.59833385  21.29820716
   26.43596669  26.53118151]
 [ 26.78497978  23.95996197  26.90463444  26.9767297   27.12746087
   26.77497266  27.55733581  27.45082253  26.89077218  26.70839153
   19.53523518  21.13340725  23.70186194  23.50904692  21.24860152
   26.4913315   26.60925836]
 [ 26.63594217  24.34143305  22.0115529   26.86482805  26.78210576
   26.85166173  27.4998294   27.37980324  26.97113312  26.74726157
   17.00036163  19.99390101  21.55117995  22.24978577  21.6420872
   26.55936724  26.66370565]
 [ 26.78711878  24.5983307   26.93322532  26.99916282  25.45204132
   26.96620287  27.38093509  27.52377297  26.66815651  26.55612669
   21.02107959  19.39016633  24.29634978  22.42920518  21.52666391
   26.50953951  26.63019086]
 [ 26.70327103  24.1219406   25.12564954  26.91564446  26.7686268
   26.92244002  27.57696828  27.43481313  26.8129318   26.63074491
   21.18418108  19.3934073   23.76181802  22.26125683  21.67623517
   26.99690969  27.12070382]
 [ 26.62457548  24.00232167  27.1185803   26.63310059  27.32413211
   27.07002739  27.66835957  27.6158566   26.86862141  26.56379458
   19.4321589   20.08810292  24.36503286  22.44293974  21.35209099
   26.62383018  26.74375716]
 [ 26.75108319  24.41141864  27.08103154  26.44986183  27.30709565
   27.00998067  25.85542699  27.43381293  24.90071409  24.25239979
   21.08344818  18.49285038  24.4367812   23.6235232   22.36864993
   26.89810175  23.27885875]
 [ 26.64840267  23.8959073   26.61404894  26.97499709  27.08485928
   26.96209042  27.10393946  27.39035461  26.7090245   26.58012615  21.0954
   19.55624509  24.23649903  22.37744146  21.26107827  25.14179639
   25.83802256]
 [ 26.63961301  24.02952461  26.88277323  27.06969153  27.07057325
   26.99138856  27.28405001  27.17718108  25.56174831  25.47503692
   18.49220021  21.63288189  24.54608979  23.65714206  21.33294806
   26.42833045  26.46248107]
 [ 26.73441753  23.95422403  26.95327281  27.02330154  27.17117427
   26.7212836   27.57552954  27.23393267  26.82016843  26.68968312
   19.74376024  20.95573342  24.59612809  22.56183186  21.38867898
   26.48453194  26.56730773]]
Effective wind speeds: [[ 15.          15.          15.          15.          12.65862721  15.
   15.          15.          15.          15.          14.84901164
   13.21851392  15.          12.58270931  13.89710787  14.99923526
   14.97169743]
 [ 15.          15.          15.          15.          15.          15.
   14.00885115  14.98086613  15.          14.99859375  14.97473627
   14.96041426  15.          14.91178583  14.94834893  14.99720159
   14.99994808]
 [ 14.77721152  15.          15.          14.37195108  15.          15.
   15.          14.6688192   14.99838979  14.94381132  14.99892004
   14.99799416  15.          15.          15.          15.          15.        ]
 [ 15.          15.          15.          14.96415818  15.          14.51886082
   15.          15.          14.96224731  15.          15.          15.
   15.          15.          15.          15.          15.        ]
 [ 15.          15.          15.          14.97817073  15.          14.38826261
   15.          13.98028397  13.88918857  15.          14.99442189  15.
   15.          15.          15.          12.71088202  15.        ]
 [ 14.84545687  15.          15.          15.          15.          15.
   15.          14.78056897  15.          14.96253604  15.          14.91762982
   15.          15.          15.          15.          15.        ]
 [ 14.81200607  14.874909    15.          15.          15.          14.99712766
   15.          15.          14.90215249  14.99741256  15.          15.
   15.          15.          15.          15.          15.        ]
 [ 15.          14.71519684  14.99840247  14.99689567  15.          14.85241889
   15.          15.          14.99901503  15.          14.7476389   15.
   14.47370718  14.89416225  14.94133131  15.          15.        ]
 [ 14.97162345  15.          12.6478353   15.          15.          15.
   15.          15.          15.          14.88943945  13.44542302  15.
   12.65947275  14.26354297  15.          15.          15.        ]
 [ 14.99850282  14.97727245  14.98218672  14.98051758  13.99348202
   14.96642635  14.99877875  14.99998039  15.          15.          14.97477176
   15.          14.9259492   15.          15.          15.          15.        ]
 [ 15.          14.73715552  14.35515462  14.9962096   14.66300206
   14.94412571  14.99929935  15.          15.          15.          15.
   15.          14.99880677  15.          15.          15.          15.        ]
 [ 15.          15.          14.99172795  14.51985939  14.96404967  15.
   15.          15.          15.          14.96020255  15.          15.
   15.          15.          15.          15.          15.        ]
 [ 15.          15.          15.          14.38964141  14.97808395  15.
   13.98261958  15.          15.          13.94452179  15.          15.
   15.          15.          14.99509231  15.          12.7223448 ]
 [ 15.          15.          14.84580677  15.          14.9986825   15.
   14.78046218  15.          15.          15.          15.          15.
   15.          14.94801186  15.          14.9997176   14.95570447]
 [ 15.          15.          14.89599161  15.          14.99359701
   14.94746768  14.82451298  14.99841092  15.          15.          15.
   15.          15.          15.          14.99938198  14.9972395
   14.9073882 ]
 [ 15.          15.          15.          15.          14.99841122
   14.76741658  14.99358374  14.85061671  15.          15.          14.99815668
   14.78718362  15.          14.43259757  15.          14.96183089
   14.91509672]] m/s
Max SPL: 46.0000100851 dB
SPL: [[ 43.77639154  46.00000001  45.89505284  46.00000002  45.31303541
   45.04034642  46.00000004  46.00000008  46.00000008  45.75193483
   45.84859294  46.00000002]
 [ 43.89457446  45.99999999  45.78059657  45.99999999  45.23660304
   44.6804291   46.00000007  46.00000005  46.00000002  45.70004905
   45.8560902   46.00000002]
 [ 43.81738617  45.98101038  45.55873391  46.00000008  45.07639412
   44.57613749  45.99999986  45.7061179   46.00000003  45.99999996
   45.99999997  45.99999997]
 [ 43.66240311  45.99999976  45.80981754  45.99999968  45.19899254
   44.70763747  45.99999005  45.70196668  45.96664616  45.9999964
   45.80641737  45.99999637]
 [ 43.89258121  46.00000001  45.96147852  46.00000002  45.09270685
   44.58914177  46.00000003  45.96957579  46.00000006  45.77598096
   45.70931124  45.78902748]
 [ 43.87131743  46.          45.86455418  45.99999991  45.49062057
   44.69508351  46.00000003  46.00000006  46.00000002  45.94391803
   45.34116761  45.99999995]
 [ 43.80277172  46.00000003  45.78987179  46.00000003  45.18403999
   44.67758578  46.00000039  46.00000076  45.87701291  45.97695215
   45.8328742   46.00000012]
 [ 43.83922168  46.00000003  45.79063584  46.00000001  45.22584374
   44.72169084  46.          45.98320479  45.34925941  46.          45.84333376
   46.        ]
 [ 43.78561971  46.00000001  45.89340661  46.00000002  45.27700802
   44.94386409  46.00000006  46.00000011  46.0000001   45.75856673
   45.86022133  46.00000002]
 [ 43.89216806  45.99999999  45.77769401  45.99999998  45.25611532
   44.70106055  46.00000007  46.00000006  46.00000004  45.69951397
   45.85136943  46.00000002]
 [ 43.86823663  46.00000009  45.5887188   46.00000019  45.16288585
   44.66230308  46.00000343  45.71072519  46.00000059  46.00000129
   46.00000148  46.00000134]
 [ 43.66480099  46.          45.80762872  45.99999996  45.21019984
   44.71859129  46.00000001  45.8029876   45.89483717  46.00000005
   45.81510303  46.00000003]
 [ 43.93556071  46.00000002  45.97166175  46.00000007  45.09461434
   44.57187955  46.00000003  46.00000007  46.00000008  45.76816688
   45.85145551  46.00000002]
 [ 43.8858593   45.99999997  45.86366214  45.99999995  45.50803802
   44.71633843  45.99999935  45.99999951  45.99999928  45.94359939
   45.34306531  45.99999385]
 [ 43.81433061  45.99998179  45.78955599  45.99995261  45.19554313
   44.68852463  45.99999436  45.99996814  45.87584745  45.9760085
   45.83940474  45.99999455]
 [ 43.83106145  46.00000019  45.79134361  46.00000018  45.21138818
   44.7071257   46.00001009  46.00000249  45.35303278  46.00000435
   45.85621553  46.0000055 ]] dB
