
CONSTRAINT EXCEEDED!
Wind Directions: [   0.    22.5   45.    67.5   90.   112.5  135.   157.5  180.   202.5
  225.   247.5  270.   292.5  315.   337.5] degrees
AEP: 48222179.4365 kWh
X-locations (initial): [ 1550.  1900.  2300.  2200.  2400.  2300.  2300.  2300.   220.   350.
   350.   100.   900.   900.   800.  1100.  1300.] m
X-locations (final): [ 1404.          1734.          2538.          2282.10511722  2538.
  2343.50158604  2132.68139086  2356.86777058   203.37544364    21.94457493
   263.76341077   196.36273963  1000.          1000.          1000.
  1249.33633409  1407.70268855] m
Y-locations (initial): [ 4020.  4100.  3900.  3700.  3700.  3400.  3200.  3100.  1100.  1000.
   800.   600.  1000.   900.   600.   300.   200.] m
Y-locations (final): [ 4050.31232728  4142.42063364  3594.39440885  3430.71060884  3353.          3353.
  3062.80811837  3023.          1410.          1410.           787.17803435
   567.18425797  1210.          1116.           808.11600381     0.             0.        ] m
RPM: [[ 22.74080413  17.33317745  21.40859908  21.20311187  23.22248331
   23.21411152  26.02830749  25.77492787   8.96419908   3.20263813
    0.20808772   0.53803948   8.16154857   2.95592289   0.27915499
   21.62863699  23.61839891]
 [ 23.57986667  16.49850551  21.60503608  22.13236835  24.27389583
   23.91060595  24.36407541  25.80111632   5.95108433  15.72399548
    0.36420983   2.20713456  17.43950714  12.34985911   1.53831821
   23.10828653  23.60991553]
 [ 22.47638266  12.38058081  19.83934086  21.68015406  24.08424623
   22.04230243  25.39983594  26.08623052   6.9340137   17.51248138
    0.25637242   0.28991699  18.08431601  16.18181418   0.45689009
   22.40662352  23.64313183]
 [ 23.17250054  16.21396084  21.42790794  21.89866792  24.377134
   23.28442231  25.52090887  26.10215353   6.04437899  12.82606171
    0.25845914   0.14202283  17.83407122  17.43785737   8.63795059
   22.13640861  23.63559775]
 [ 24.0237203   16.73452477  21.95843596  21.89877087  24.09930049
   21.59143647  23.66078399  26.34443049  19.56932588   3.69856586
    0.33766113   0.19129108  18.57036106  16.22936003  10.58776841
   21.98330313  22.50620578]
 [ 22.58278021  15.18142043  20.93295744  17.69976022  24.07861366
   22.23465682  25.25601208  25.73489485   8.37479804   3.79528298
    0.29125324   0.34400317  13.95817888   9.79172562   0.57542848
   17.18525006  21.82288256]
 [ 23.53877916  13.48344261  21.86657911  22.50650459  20.64635821
   22.99729579  23.55884611  26.92316701   1.64643601   0.29277278
    0.2176451    0.17676304  16.88189633  16.13148488  12.42102498
   23.43612833  22.88687973]
 [ 24.07563506  10.56897186  21.16520642  17.70689177  24.64802764
   22.53324239  26.99373714  26.36672439  15.5354438   13.72842509
    0.23375762   0.21635644  20.99577359   1.2486822    1.5007654
   18.42377474  22.23108359]
 [ 22.57082895  11.71831414  16.94339086  21.740379    24.26770488
   22.16647228  26.85284658  25.67778247  19.98006234   4.70429641
    0.45464696   3.0176692    6.2041477    5.82308971   0.55543132
   22.59265034  24.33267616]
 [ 23.74554048  12.81751814  20.91104646  21.98096769  24.54430838
   22.75947897  25.74701335  26.04139739  17.72931378  18.11670627
    0.99026336   0.36573077  17.84581622   5.72433227   1.55377068
   21.90358892  23.51586066]
 [ 24.22267176   7.42309085  20.38819322  21.78196877  24.02040373
   23.43070731  25.69249605  27.02649455  13.85794211  20.27164346
    0.2208228    1.33557592  15.98527349   9.9226343    0.61251989
   22.36435309  24.23976329]
 [ 23.72026456  10.13005593  22.32575885  22.74670127  23.30321677
   21.42524137  25.71715589  26.83907889   4.78480575  19.36706665
    0.28746046   0.17586842  16.27917682   2.06350231   0.62951516
   22.10176915  23.00354578]
 [ 24.23826124  17.08411885  22.30645955  21.90138656  22.38625963
   22.47888108  24.3841911   24.38279705  13.18531762   1.83173335
    0.28320543   0.17038632  11.15577484   5.86834342   2.60809742
   21.88164019  21.82453691]
 [ 22.90952295  16.88912453  20.74186404  21.91009987  23.84270225
   23.35095657  25.47741688  26.33951947  17.5087485   13.52004278
    0.21003109   0.40123356  11.7619091    5.62770531   0.4406048
   20.12664851  22.03916055]
 [ 23.20579706  17.53127909  22.52402742  21.8301114   22.29323325
   22.69649646  23.78409253  25.39615224   2.70412398   1.69579091
    0.16954119   0.11259811  18.33343877  18.00283587  16.36178862
   19.31312132  22.16603724]
 [ 22.76387004  16.68820015  22.20095409  21.52236113  24.73387349
   21.57542832  26.42081221  25.93981419  18.58505009   8.4756817
    0.20387505   0.14603713  12.58826872   3.18004646   2.15386618
   20.63973211  22.42415655]]
Effective wind speeds: [[ 15.          15.          15.          15.          13.83173274  15.
   15.          14.34833102  15.          15.          14.99978336
   14.98641493  15.          14.91543713  14.96588598  14.9994017
   14.97917608]
 [ 15.          15.          15.          15.          15.          15.
   14.26181267  14.74225701  14.99177783  15.          14.99021989
   14.99087823  15.          14.96202557  14.99892657  14.99209662
   14.99973976]
 [ 15.          15.          15.          14.99743266  15.          14.91505421
   14.99817041  15.          14.96635813  14.99923936  14.99850401
   14.99938894  15.          15.          15.          15.          15.        ]
 [ 14.91024604  15.          15.          14.99827867  15.          15.
   15.          15.          15.          15.          14.90718005
   14.99983179  15.          15.          15.          14.9986336   15.        ]
 [ 15.          15.          15.          15.          15.          13.22874637
   14.60772912  15.          15.          13.87282616  14.98346778  15.
   15.          15.          15.          13.2947902   15.        ]
 [ 14.87111547  15.          15.          14.6873373   15.          15.
   14.99643737  15.          14.99382887  14.99999689  15.          14.95673131
   15.          15.          15.          15.          15.        ]
 [ 14.90029459  14.85822045  15.          12.80420874  15.          15.
   15.          15.          14.99900115  14.92481302  15.          15.
   15.          15.          15.          15.          15.        ]
 [ 15.          14.84704176  15.          14.66667432  15.          15.
   15.          15.          15.          14.99969609  15.          15.
   14.99506536  14.91862414  14.99432972  15.          15.        ]
 [ 14.97593145  15.          13.45311052  15.          15.          14.20886839
   15.          15.          14.99683664  15.          14.99999859  15.
   14.94920426  14.9979276   15.          15.          15.        ]
 [ 14.9960379   14.99991458  14.98824097  13.99574959  14.7085957   15.
   14.99999648  14.99922896  15.          15.          14.99946033  15.
   14.99821938  15.          15.          15.          15.        ]
 [ 15.          15.          14.8734485   14.99173316  14.99914763
   14.9977394   14.99992142  14.99999775  15.          15.          15.
   15.          14.99999838  15.          15.          15.          15.        ]
 [ 15.          14.74880962  14.99802033  15.          15.          15.
   15.          15.          15.          15.          15.          15.
   15.          14.9998176   14.99999775  15.          14.99882673]
 [ 15.          15.          15.          15.          13.4791265   15.
   15.          14.65574283  14.98929813  15.          15.          15.
   15.          15.          14.99979904  15.          13.40339144]
 [ 15.          15.          14.84062317  15.          14.75236761
   14.93660172  15.          14.99649535  15.          15.          15.
   15.          15.          14.94966558  15.          14.99999934
   14.99993486]
 [ 15.          15.          15.          15.          14.90995723
   13.05388127  15.          14.92297445  15.          15.          15.
   15.          15.          15.          15.          14.99998887
   14.99955083]
 [ 15.          15.          15.          15.          15.          14.70071217
   14.95137092  15.          15.          15.          14.98357592  15.
   15.          14.92723208  15.          14.99995499  14.99874828]] m/s
Max SPL: 44.3307816303 dB
SPL: [[ 41.49498533  43.00576343  43.4440496   43.52274066  43.06952947
   42.38834959  43.9065123   43.61435854  43.55640813  43.40056118
   42.85822402  43.40551295]
 [ 42.2571071   44.0057584   43.9804211   44.27409646  43.22969759
   42.72214909  43.87340417  43.63628498  43.74782979  43.82048834
   43.04023089  43.70261315]
 [ 41.45967276  43.02720016  43.27265776  43.60276335  42.65733959
   42.17796966  44.07322328  43.57144723  43.60632331  43.60012479
   43.02582019  43.64398511]
 [ 41.98836116  43.84430287  43.93282812  44.33078163  43.16195993
   42.66497277  43.72441252  43.58054319  43.57303038  43.69114543
   42.85175609  43.46757727]
 [ 41.95961147  43.21594368  43.51229045  43.59724844  42.77587076
   42.33737886  44.24021904  43.66278317  43.66991096  43.86781025
   43.052615    43.47741888]
 [ 41.67490633  43.44682113  43.4532079   43.69912951  42.80875212
   42.22789553  43.90477087  43.67810945  43.49601765  43.60291026
   42.18849525  42.6825495 ]
 [ 41.92836167  43.54237563  43.48431551  43.77494478  42.88625132
   42.38691669  43.93966965  43.76737043  43.45259286  43.82045463
   43.082108    43.68315908]
 [ 42.21457666  43.82629484  43.53160123  43.82704252  43.15190442
   42.66433287  43.85477262  43.82696172  43.03122915  43.70929901
   42.55172902  42.75506995]
 [ 41.52915708  43.10389047  43.52065369  43.62772894  43.06799474
   42.42274409  44.06859518  43.77390859  43.70719947  43.56284771
   43.13342988  43.7834471 ]
 [ 42.04051814  43.62085429  43.58267854  43.84371587  43.08035007
   42.58742022  43.7543017   43.30776207  43.57907921  43.67724592
   42.82792581  43.41721277]
 [ 42.29749428  43.83274867  43.72321891  44.06378352  43.29274475
   42.80935434  44.27824125  43.8750437   43.74938115  43.75400116
   43.1863866   43.81979772]
 [ 41.97361604  43.68298985  43.72490221  44.05894209  43.13502247
   42.6520931   44.13003357  43.72795934  43.65072353  43.8445233
   42.97919304  43.49405823]
 [ 42.03897888  43.31124164  43.53976985  43.61750934  42.79096894
   42.34028298  43.99163984  43.64686695  43.6449267   43.7366369
   42.72226456  43.15432871]
 [ 41.58020314  43.0431744   43.40667425  43.60080413  42.92129117
   42.34214423  43.74462513  43.59596348  43.5135661   43.61404104
   42.41273316  43.09602048]
 [ 41.6429246   43.16395317  43.2791835   43.53147881  42.65760765
   42.16509174  43.97642448  43.75222134  43.39033829  43.77320464
   42.96198377  43.07190509]
 [ 41.47342126  42.9353051   43.33840249  43.56898103  42.72747992
   42.24882263  43.57630905  43.66910107  42.96988036  43.63741345
   42.63715959  43.01264325]] dB
