
CONSTRAINT SATISFIED WITHIN LIMITS
Wind Directions: [   0.    22.5   45.    67.5   90.   112.5  135.   157.5  180.   202.5
  225.   247.5  270.   292.5  315.   337.5] degrees
AEP: 97727954.5937 kWh
X-locations (initial): [ 1550.  1900.  2300.  2200.  2400.  2300.  2300.  2300.   220.   350.
   350.   100.   900.   900.   800.  1100.  1300.] m
X-locations (final): [ 1404.          1794.80336425  2423.23489972  2245.17926734  2538.
  2281.26177791  2195.39383552  2361.            74.37973125   242.21828859
   299.1445596    111.82671682   971.71576     1000.           938.19831995
  1200.1354995   1410.        ] m
Y-locations (initial): [ 4020.  4100.  3900.  3700.  3700.  3400.  3200.  3100.  1100.  1000.
   800.   600.  1000.   900.   600.   300.   200.] m
Y-locations (final): [ 4180.54298187  4275.39447813  3943.4202584   3700.74518691  3757.94037536
  3441.46851433  3140.14389214  3023.          1410.          1157.81850989
   742.37316186   623.49540449  1210.           930.72971251   683.37493707
   177.51640951   126.80474014] m
RPM: [[ 28.2895829   28.2161286   28.08996677  28.14140313  28.23217098
   28.06825861  28.04090167  28.21936952  28.21272192  28.1048967
   28.01953345  27.73619587  28.27951268  27.79951424  27.49309707
   28.3089343   28.25756176]
 [ 28.47665096  28.47822509  28.4768942   28.47445919  28.48374207
   28.45183546  28.21986447  28.4459784   28.28805455  28.23318426
   28.10688153  27.93951217  28.25224488  28.16089894  27.79552864
   28.09771966  28.22863106]
 [ 28.28503336  28.21913867  28.0967158   28.13717872  28.23373864
   28.18327837  28.28972604  28.29732523  28.02625116  27.80239165
   27.65919092  27.82031947  27.94326075  27.813971    27.83705375
   28.21945261  28.17555315]
 [ 28.28433789  28.27522132  28.21973139  28.23048952  28.2844087
   28.30021359  28.31234644  28.31517631  28.23613871  28.16550257
   28.05938152  27.99268626  28.17135732  28.06765356  27.80603624
   28.14303413  28.23372422]
 [ 28.26605678  28.16523305  27.99060931  28.08330003  28.19068624
   28.22968189  28.27969012  28.29403878  28.19717701  28.01692428
   27.83930334  27.90776212  28.19685835  28.15555788  28.15486656
   28.12202915  28.29657874]
 [ 28.10857689  28.04386426  27.81900231  27.93637333  28.11020276
   28.18914427  27.84982212  28.26721234  28.20709817  28.11569237
   28.02208213  27.5353584   28.21935423  28.18661645  27.90170752
   27.8647168   28.23460017]
 [ 28.28263022  28.20185052  27.90648113  28.14078214  28.2232696
   28.24720237  28.02797693  28.30103506  28.07170719  27.83970104
   28.07377157  28.00521212  28.21005796  28.1894709   27.7982335
   28.13832118  28.23057194]
 [ 28.2946362   28.08625559  27.90835988  28.17969179  28.24057329
   28.27336033  28.30056089  28.30605496  27.90168916  28.0443894
   27.91129047  27.80198314  27.79844508  28.16098494  27.82441141
   28.13596691  28.22495442]
 [ 28.23711936  28.27231082  28.12828025  27.92092091  28.28018757
   28.29634867  28.31039017  28.31396823  28.01533793  28.07145132
   27.97326472  27.84823314  27.27550111  28.16547243  27.84266302
   28.15127603  28.235263  ]
 [ 28.42778241  28.41839301  28.45983831  28.38405199  28.45440455
   28.22459834  28.41501003  28.32844868  28.28966908  28.25664541
   28.16434319  27.9305195   28.20154542  28.03557124  27.81406527
   28.12607331  28.23261493]
 [ 28.28989919  28.23231305  28.10234158  28.15717038  28.14688466
   28.25983651  28.19047122  28.29592983  28.08299782  27.88426991
   27.48155553  28.03308117  27.94484224  27.8160678   27.83897276
   28.22008226  28.17634844]
 [ 28.31550168  28.24513132  28.2506714   28.24339268  28.26401742
   28.30816683  28.31665392  28.31863579  28.27874102  28.23147877
   28.00950935  27.98151106  28.23406324  28.00081492  27.8225158
   28.13258831  28.23102591]
 [ 28.26621628  28.16511889  27.99023021  28.08348407  28.19006248
   28.23365299  28.27961673  28.293991    28.1857751   28.02277916
   27.89871479  27.86607241  28.18301449  28.17332508  28.07888212
   28.2849521   28.1325212 ]
 [ 28.2259321   28.08496728  27.81423845  27.95754423  28.00817075
   28.19533059  28.22678299  27.86403909  28.15915137  28.00732765
   27.88352121  27.69304458  28.21644409  28.19311106  28.0054477
   27.77412789  27.91899514]
 [ 28.27460124  28.18241834  28.01472319  28.10036673  28.02731854
   28.23971514  28.28085704  28.03227212  28.20773615  28.0838527
   28.00398165  27.90165285  28.22697533  28.19877362  27.92593939
   27.83925047  28.06275914]
 [ 28.27788942  28.18640677  28.03204791  28.11819203  27.98475618
   28.25192992  28.20389439  28.17272537  28.18559668  28.06568805
   27.70539507  27.84002186  28.22571996  28.17791689  27.8702257
   28.11286303  27.80006086]]
Effective wind speeds: [[ 15.          15.          15.          15.          15.          14.89192427
   14.85959624  14.9528391   15.          15.          14.99635932
   14.89597386  15.          14.70857845  14.57047307  14.99933179
   14.9711471 ]
 [ 15.          15.          15.          14.99968606  15.          14.99628855
   14.88713698  15.          14.99889724  14.98657468  14.9681992
   14.99885076  14.99984783  14.9783172   14.90726512  14.95276534
   14.9999584 ]
 [ 15.          15.          15.          14.98783629  15.          14.95641956
   15.          15.          14.96551475  14.94405108  14.99892418
   14.86652748  15.          15.          15.          15.          15.        ]
 [ 14.98650034  15.          15.          14.98547258  15.          15.
   15.          15.          15.          15.          14.99913943
   14.88958621  15.          15.          15.          15.          15.        ]
 [ 15.          15.          15.          14.99964535  15.          15.
   15.          15.          15.          14.98540614  14.94720796
   14.99063492  15.          15.          15.          14.91144214  15.        ]
 [ 14.93278845  14.98138561  15.          15.          15.          15.
   14.77580945  15.          14.99395207  14.99879005  15.          14.7460316
   15.          15.          15.          14.83983015  15.        ]
 [ 14.99872038  14.99741716  14.89833787  15.          15.          15.
   14.85794761  15.          14.90733924  14.81261141  15.          15.
   15.          15.          14.94768507  15.          15.        ]
 [ 15.          14.91793361  14.87437584  14.99767497  15.          15.
   15.          15.          14.84143946  15.          15.          15.
   14.75886506  14.9947813   14.98136567  15.          15.        ]
 [ 14.97114213  15.          14.95280411  14.82273748  15.          15.
   15.          15.          14.89626383  14.99636289  15.          15.
   14.4820962   14.99331983  15.          15.          15.        ]
 [ 14.98651695  14.96819645  14.99594253  14.95387879  14.99451637
   14.88726279  14.99960444  14.95280221  15.          15.          15.
   15.          15.          14.91703326  15.          15.          15.        ]
 [ 15.          15.          14.98778362  14.98889996  14.94558508
   14.99824419  14.94421387  14.99799802  15.          15.          14.86592591
   15.          15.          15.          15.          15.          15.        ]
 [ 15.          14.98649984  15.          15.          14.98547361  15.
   15.          15.          15.          15.          14.92889847  15.
   15.          14.9156166   15.          15.          15.        ]
 [ 15.          15.          15.          15.          14.99964554  15.
   15.          15.          15.          15.          15.          15.
   14.98542053  15.          14.9464908   15.          14.91144319]
 [ 15.          15.          14.98133787  15.          14.9327559   15.
   15.          14.77582902  15.          15.          15.          15.
   15.          14.99383315  15.          14.7654394   14.81422716]
 [ 15.          15.          15.          14.99741669  14.89845296
   14.99877652  15.          14.85795004  15.          14.98671371  15.
   15.          15.          15.          14.99880326  14.81117757
   14.89712573]
 [ 15.          15.          15.          15.          14.87450651
   14.99767623  14.95371502  14.93225709  15.          14.9999328
   14.84112543  15.          15.          15.          15.          14.98140684
   14.75880812]] m/s
Max SPL: 50.0067987957 dB
SPL: [[ 46.80582563  49.50997606  49.99999912  49.7707865   45.27497616
   44.79181093  49.83089113  50.00000006  49.88898497  49.5937921
   49.92418351  49.9128337 ]
 [ 46.97383989  49.52264197  49.95067706  49.96960952  45.45227033
   44.95728923  50.00111567  49.93490411  50.00067274  49.68114287
   50.00383017  49.89738783]
 [ 46.16749741  49.51371119  49.9999985   49.72847541  45.31079613
   44.82534382  49.99999993  49.89617135  49.88112396  49.07123666
   49.91700746  49.81412422]
 [ 46.80505829  49.51942965  50.00008285  49.64888149  45.35375636
   44.86979956  50.00177231  49.57961923  50.00102775  49.83449111
   50.00058242  49.78404793]
 [ 46.95723087  49.34054031  50.00000062  49.7979297   45.31360046
   45.00721068  49.99999999  50.00000004  49.92888263  49.66696174
   49.90334324  49.80431776]
 [ 46.71470385  49.15065129  50.00000068  49.76805061  45.30696581
   44.82233367  49.98724842  50.00000029  49.58816199  49.64792216
   50.00000266  49.8323883 ]
 [ 46.81472747  49.49194539  49.99997536  49.804464    45.29382392
   44.8072986   49.93537398  50.0029776   49.67901622  49.68711793
   50.00546725  49.90857099]
 [ 46.81046964  49.49949752  49.99999968  49.80380409  45.32648867
   44.85290286  49.82952017  50.00000018  49.88885714  49.59636803
   50.00000129  49.89985917]
 [ 46.78660627  49.49332788  50.00183225  49.76985606  45.29485664
   44.81086304  49.8155696   50.00036542  49.92539454  49.60444277
   50.00059607  49.89858661]
 [ 46.94066343  49.48850211  49.91246909  49.92992647  45.41969329
   44.92556228  49.99705296  49.9435175   50.00262387  49.69193908
   50.0067988   49.90104159]
 [ 46.17053512  49.51744882  49.99999847  49.72925059  45.31026761
   44.82462479  49.99999994  49.93639684  49.96161034  49.07494005
   49.92001319  49.81611499]
 [ 46.81656518  49.52813783  50.006637    49.65351674  45.35897276
   44.87526136  50.00008113  49.58236259  50.00005277  49.82621807
   50.00006678  49.78059915]
 [ 46.96154548  49.33984385  50.0000031   49.79796821  45.31142138
   45.00412973  50.00000008  50.00000015  49.91845094  49.67245074
   49.89326684  49.81317006]
 [ 46.7710234   49.20737106  50.00216649  49.77293166  45.32996759
   44.84733246  49.96975333  50.00017183  49.63130786  49.62804605
   50.00021204  49.77275918]
 [ 46.80797961  49.48460094  50.00018041  49.80022721  45.2899962
   44.80370471  49.95404133  50.00157732  49.64022339  49.67185164
   50.0028887   49.8238431 ]
 [ 46.80807268  49.5041306   50.00100357  49.8005607   45.3104389
   44.83744541  49.84925865  50.00003095  49.89124632  49.56574576
   50.00003492  49.84969896]] dB
