
CONSTRAINT SATISFIED COMPLETELY
Wind Directions: [   0.    22.5   45.    67.5   90.   112.5  135.   157.5  180.   202.5
  225.   247.5  270.   292.5  315.   337.5] degrees
AEP: 98025559.6294 kWh
X-locations (initial): [ 1550.  1900.  2300.  2200.  2400.  2300.  2300.  2300.   220.   350.
   350.   100.   900.   900.   800.  1100.  1300.] m
X-locations (final): [ 1404.          1739.10757421  2282.25200179  2232.40206117  2538.
  2278.29761185  2320.29603271  2361.            62.52122779   307.62385496
   473.81841912     0.           998.28436882   894.08893687   937.19020503
  1155.29393106  1363.82359636] m
Y-locations (initial): [ 4020.  4100.  3900.  3700.  3700.  3400.  3200.  3100.  1100.  1000.
   800.   600.  1000.   900.   600.   300.   200.] m
Y-locations (final): [ 4300.09721934  4363.63035442  4013.          3771.93899092  3954.59096668
  3510.6663003   3264.71047901  3023.          1088.73260744  1031.99092664
   781.67502851   655.85297514  1210.           842.87388857   520.19640773
   365.72045754     0.        ] m
RPM: [[ 28.5         28.5         28.5         28.29234504  28.5         26.93337059
   28.30393263  28.42265852  28.5         28.5         28.5         28.47356482
   28.5         28.5         28.40468515  28.49895887  28.45120053]
 [ 28.5         28.5         28.5         28.48302443  28.5         28.485315
   28.48765213  28.5         28.42740762  28.43413174  28.5         28.48310468
   28.49570404  28.41504403  28.42051656  28.40981822  28.5       ]
 [ 28.49986527  28.5         28.49986087  28.4998413   28.5         28.49981934
   28.49979248  28.49976123  28.41458652  28.39344563  28.46900313
   28.41542532  28.49648339  28.48649908  28.30135481  28.4707925
   28.49247359]
 [ 28.494773    28.5         28.5         28.48862349  28.5         28.5
   28.5         28.5         28.5         28.49996518  28.5         28.47688676
   28.5         28.5         28.49818557  28.5         28.5       ]
 [ 28.5         28.5         28.47294191  28.5         28.5         28.5
   28.5         28.5         28.45705235  28.5         28.49730793  28.5
   28.5         28.5         28.5         28.5         28.5       ]
 [ 28.48931481  28.47832839  28.46877309  28.5         28.5         28.5
   28.5         28.5         28.4337095   28.46850127  28.47233496
   28.48944816  28.5         28.5         28.47827549  28.5         28.5       ]
 [ 28.47813694  28.47610889  28.5         28.5         28.5         28.5
   28.5         28.5         28.5         28.19348188  28.48910553  28.5
   28.5         28.5         28.46069776  28.5         28.5       ]
 [ 28.5         28.4746976   28.5         28.46361331  28.5         28.43405896
   28.42761428  28.5         28.5         28.49958499  28.5         28.5
   28.49882085  28.48945695  28.5         28.48639539  28.5       ]
 [ 28.45122503  28.5         26.90566877  28.48007714  28.5         28.44526475
   28.42249252  28.5         28.47313618  28.49959547  28.49904448
   28.49967233  28.4187659   28.44463281  28.45332389  28.49621161
   28.49932694]
 [ 28.42545509  28.43413585  28.42641784  28.43158664  28.47359679
   28.46320478  28.41472545  28.47623572  28.5         28.5         28.5
   28.5         28.45109793  28.5         28.5         28.5         28.5       ]
 [ 28.5         28.5         28.5         28.5         28.5         28.49778452
   28.41619018  28.37274436  28.49797257  28.46682447  28.49248401
   28.49734314  28.47212866  28.48515136  28.2989446   28.46717882
   28.49177524]
 [ 28.5         28.49500942  28.5         28.5         28.48869283  28.5
   28.5         28.5         28.5         28.5         28.47715749  28.5
   28.5         28.5         28.49968078  28.5         28.5       ]
 [ 28.5         28.5         28.5         28.5         28.47296764  28.5
   28.5         28.5         28.5         28.4565895   28.5         28.5
   28.5         28.49729027  28.5         28.5         28.5       ]
 [ 28.5         28.5         28.48932252  28.5         28.46215112  28.5
   28.5         28.5         28.5         28.43458674  28.5         28.5
   28.5         28.4686234   28.47217024  28.47833938  28.48945245]
 [ 28.5         28.5         28.49999895  28.47608595  28.5         28.48122596
   28.48867581  28.5         28.5         28.5         28.47396648  28.5
   28.5         28.5         28.49844679  28.47681837  28.19280272]
 [ 28.5         28.5         28.5         28.5         28.5         28.46397084
   28.43564541  28.42573144  28.5         28.5         28.5         28.5
   28.5         28.5         28.5         28.48966878  28.48649673]]
Effective wind speeds: [[ 15.          15.          15.          14.88923887  15.          14.17445094
   14.89650739  14.95886821  15.          15.          15.          14.98599062
   15.          15.          14.94904369  14.99949382  14.97434727]
 [ 15.          15.          15.          14.99103022  15.          14.99222537
   14.99351329  15.          14.9617858   14.96535277  14.9993591
   14.99102923  14.99767704  14.95547241  14.9579801   14.95242847
   14.99993242]
 [ 15.          15.          15.          15.          15.          15.
   15.          15.          14.95601827  14.94718295  14.98733462
   14.95673833  15.          15.          15.          15.          15.        ]
 [ 14.99736519  15.          15.          14.99401756  15.          15.
   15.          15.          15.          14.99996795  15.          14.98806912
   15.          15.          15.          15.          15.        ]
 [ 15.          15.          14.9858353   15.          15.          15.
   15.          15.          14.9771799   15.          14.99858912  15.
   15.          15.          15.          15.          15.        ]
 [ 14.99444244  14.98843832  14.98348232  15.          15.          15.
   15.          15.          14.96513773  14.98342678  14.98534347
   14.99443823  15.          15.          14.98826514  15.          15.        ]
 [ 14.98850746  14.98744046  15.          15.          15.          15.
   15.          15.          15.          14.83870524  14.99427776  15.
   15.          15.          14.97931116  15.          15.        ]
 [ 15.          14.98665008  15.          14.9808526   15.          14.96527565
   14.96183652  15.          15.          14.99978004  15.          15.
   14.99938622  14.99443521  15.          14.99281509  15.        ]
 [ 14.97434228  15.          14.16120166  14.98963505  15.          14.97112118
   14.95903975  15.          14.98599062  15.          15.          15.
   14.95752902  14.97184418  15.          15.          15.        ]
 [ 14.96075256  14.96534052  14.96128336  14.96400339  14.98613092
   14.98055661  14.95512396  14.98737301  15.          15.          15.
   15.          14.97428275  15.          15.          15.          15.        ]
 [ 15.          15.          15.          15.          14.99996239
   14.99893802  14.95601248  14.93315972  15.          14.98614537  15.
   15.          14.98733462  15.          15.          15.          15.        ]
 [ 15.          14.99736519  15.          15.          14.99401756  15.
   15.          15.          15.          15.          14.98806912  15.
   14.99996795  15.          15.          15.          15.        ]
 [ 15.          15.          15.          15.          14.9858353   15.
   15.          15.          15.          14.9771799   15.          15.
   15.          14.99858912  15.          15.          15.        ]
 [ 15.          15.          14.99444245  15.          14.979838    15.
   15.          15.          15.          14.96513843  15.          15.
   15.          14.98342529  14.98534347  14.98826514  14.99443823]
 [ 15.          15.          15.          14.98744046  15.          14.99020493
   14.99398876  15.          15.          15.          14.98635672  15.
   15.          15.          14.99917678  14.98784647  14.83831436]
 [ 15.          15.          15.          15.          15.          14.9808526
   14.96527559  14.95956898  15.          15.          14.99978004  15.
   15.          15.          15.          14.99443521  14.99278892]] m/s
Max SPL: 56.9999999919 dB
SPL: [[ 48.71189617  54.67612428  52.89227552  51.374986    44.93883935
   44.46335242  52.75905339  52.21515173  50.31150269  50.9023463
   56.97199235  54.43963011]
 [ 47.41096985  54.81498673  53.58168514  52.42894472  45.30326797
   44.59180714  52.67774546  52.21788646  50.30985028  50.92582547
   56.92420297  54.43675856]
 [ 48.9314237   54.77131506  53.82502454  52.47925048  45.0952424
   44.60700894  52.83546697  52.11064764  50.26345905  50.90610752
   56.99999984  54.46992234]
 [ 48.79868345  54.72342597  53.72193022  52.27478317  45.09637784
   44.60916011  52.80093726  52.1220449   50.24669601  51.04573188
   56.99611478  54.4952611 ]
 [ 48.84188186  54.56209688  53.85439882  52.38028666  45.09955123
   44.95265336  52.79361284  51.33541307  48.84781655  50.61428766
   56.77558564  54.48033768]
 [ 48.80644696  51.81988645  53.89749944  52.39915558  45.29835444
   44.95976114  52.7323216   51.95105455  50.24152056  50.93072042
   54.27528891  54.36161263]
 [ 48.79833432  54.33798625  53.86678681  52.38240105  45.09103368
   44.60209821  51.70629645  52.12648636  50.29809725  50.92502678
   56.31941566  52.04817529]
 [ 48.79876134  54.6918584   53.80048025  52.29773447  45.07073677
   44.59421476  52.8506998   52.12347424  50.45187006  50.95828075
   56.9317107   54.18380639]
 [ 48.68327714  54.64464416  52.44815548  51.14083935  44.97641214
   44.50053715  52.75213467  52.21589261  50.32243027  50.90234469
   56.99999999  54.44165756]
 [ 47.36586835  54.76594949  53.53888001  52.38833081  45.27047951
   44.56074435  52.69825944  52.24645359  50.32715154  50.9464712
   56.97612569  54.49112753]
 [ 48.92755017  54.77091777  53.82312991  52.4765252   45.08437495
   44.59620091  52.8527857   52.15831944  50.30881676  50.92402957
   56.99999983  54.46882463]
 [ 48.80091133  54.72606786  53.72226237  52.27566532  45.09708743
   44.609836    52.79450048  52.12724577  50.25605001  51.04056191
   56.99670558  54.49523713]
 [ 48.84205416  54.56218158  53.86481579  52.38765074  45.10016998
   44.95316563  52.79113431  51.34095728  48.84797076  50.61358819
   56.77545117  54.48021709]
 [ 48.81362313  51.82851421  53.90517225  52.40483054  45.30156291
   44.96201227  52.73546832  51.96387864  50.24842355  50.93658257
   54.26955927  54.34925793]
 [ 48.81084858  54.35217103  53.8645591   52.37912186  45.09214629
   44.60366575  51.7426572   52.15430796  50.30852354  50.93704492
   56.33701646  52.02783017]
 [ 48.80149474  54.69401937  53.8055443   52.3053097   45.07571904
   44.5987092   52.85188448  52.12364417  50.45224313  50.95891541
   56.93203315  54.185277  ]] dB
