
CONSTRAINT SATISFIED WITHIN LIMITS
Wind Directions: [   0.    22.5   45.    67.5   90.   112.5  135.   157.5  180.   202.5
  225.   247.5  270.   292.5  315.   337.5] degrees
AEP: 97881825.4003 kWh
X-locations (initial): [ 1550.  1900.  2300.  2200.  2400.  2300.  2300.  2300.   220.   350.
   350.   100.   900.   900.   800.  1100.  1300.] m
X-locations (final): [ 1404.          1812.21540017  2128.42590198  2436.46284591  2538.
  2171.90407597  2121.          2303.09777364   439.4382311    337.16509396
   119.10991368   163.71180379  1000.           799.32412263   733.53869119
  1166.66211079  1380.55241313] m
Y-locations (initial): [ 4020.  4100.  3900.  3700.  3700.  3400.  3200.  3100.  1100.  1000.
   800.   600.  1000.   900.   600.   300.   200.] m
Y-locations (final): [ 4194.9964511   4076.1470039   3820.18686118  3614.16684834  3453.53778846
  3564.31504144  3174.63053398  3045.36908953  1386.14867278  1036.89117002
   754.1223301    494.07713454  1210.           912.10611273   428.90381772
   167.21353458   112.39525187] m
RPM: [[ 28.42759679  28.45536522  28.42171726  28.41595915  28.4072448
   28.44157823  27.42702825  28.48160125  28.31751679  28.28289493
   28.12827588  28.25439274  28.32514858  28.43813005  28.42963557
   28.45720348  28.38531953]
 [ 28.47581836  28.46593577  28.48849057  28.47053112  28.48066963
   28.47556759  28.46550859  28.41715044  28.46841323  28.22806164
   28.16608826  28.38700883  28.33402371  28.37445948  28.31603508
   28.24907856  28.34982239]
 [ 28.43423855  28.44611447  28.47520382  28.4683236   28.46989492
   28.4615706   28.43287753  28.44997685  28.20151518  28.15429153
   28.25688707  28.41738404  28.29895034  28.18733376  28.30037297
   28.34695229  28.31378526]
 [ 28.4583015   28.45819673  28.44236178  28.46330248  28.48580706
   28.43585579  28.42994005  28.4808917   28.41983503  28.31544904
   28.24547061  28.4564035   28.32678304  28.33270704  28.44672096
   28.45388431  28.3467862 ]
 [ 28.44303841  28.4496431   28.46863044  28.43212851  28.47191902
   28.45101547  28.47034825  28.47484372  28.31222177  28.27680287
   28.08917433  28.35034813  28.31994414  28.30042174  28.46725686
   28.41493777  28.32706325]
 [ 28.44455777  28.41654896  28.32115573  28.45344994  28.46466856
   28.42199364  28.31578297  28.47671975  28.32967097  28.27021955
   28.0152549   28.33128774  28.3486081   28.37687532  27.99601752
   28.13674892  28.33698684]
 [ 28.47910608  28.35114158  28.09823624  27.95244193  28.43409202
   28.48105933  28.34492438  28.46734947  28.32782095  27.87705969
   28.10684217  28.29274234  28.33263359  28.36628233  28.44573093
   28.42137062  28.34114092]
 [ 28.49610695  28.2853121   28.43509975  28.07535643  28.49607571
   28.48924521  28.48398785  28.49704897  28.35377126  28.32537636
   28.17938998  28.31957957  28.30147407  28.4503881   28.48588376
   28.48798697  28.42393271]
 [ 28.4567288   28.47938263  27.44944653  28.4746324   28.48733857
   28.33083832  28.48175881  28.48675664  28.32600023  28.30966302
   28.12117257  28.29695437  28.35910638  28.30415761  28.34060355
   28.43107275  28.46099009]
 [ 28.47930622  28.49909969  28.43187186  28.47383172  28.42313321
   28.4758172   28.48094222  28.43307492  28.1811585   28.45452497
   28.32161785  28.36093967  28.34240534  28.34882249  28.39787444
   28.39893987  28.46844046]
 [ 28.47320037  28.45597923  28.47482586  28.46502994  28.41770649
   28.46309728  28.45456056  28.39207737  28.30088649  28.22719455
   28.29271805  28.31377616  28.29111762  28.13945435  28.30435827
   28.32110558  28.31509693]
 [ 28.48168145  28.47769382  28.48690485  28.44162121  28.49843949
   28.48740683  28.49284699  28.4929702   28.46414779  28.32835617
   28.25672517  28.3362442   28.41804378  28.3583379   28.34676557
   28.43959425  28.3647383 ]
 [ 28.48513947  28.46438771  28.49745162  28.4708283   28.4883868
   28.47221472  28.48000665  28.48115331  28.32062465  28.28784806
   28.10506497  28.28100292  28.32622299  28.33532083  28.28284919
   28.33240184  28.30451335]
 [ 28.40412869  28.40966026  28.31651117  28.44215197  28.37819981
   28.45025868  28.46301704  28.35150953  28.31424671  28.28105825
   28.01713146  28.27979789  28.28364879  28.32641428  28.25034525
   28.4247224   27.81502847]
 [ 28.46307453  28.46083045  28.38248781  28.47134592  27.5456554
   28.46917404  28.47817485  28.3229187   28.30398114  28.23960256
   28.06214185  28.27214143  28.31244543  28.24963199  28.47147228
   27.89676286  28.35978492]
 [ 28.43496667  28.42159651  28.37767572  28.45041374  28.07170096
   28.42910138  28.22035352  28.42442604  28.32256375  28.31050791
   28.1971653   28.27918507  28.3242783   28.3157294   28.49362303
   28.43273156  28.24866575]]
Effective wind speeds: [[ 15.          15.          15.          15.          15.          14.98119256
   14.42362265  15.          15.          15.          15.          14.98672591
   15.          15.          14.98890186  14.99945864  14.97152452]
 [ 15.          15.          15.          15.          15.          15.
   15.          14.97545601  14.99912634  14.92872053  14.90305876
   14.9771798   14.94661401  14.99709081  14.96154365  14.94276308
   14.99936474]
 [ 15.          15.          15.          15.          15.          15.
   15.          15.          14.94741529  14.94582959  14.97451076
   14.99264466  15.          15.          15.          15.          15.        ]
 [ 15.          15.          15.          15.          15.          14.96007444
   15.          15.          15.          14.99946999  14.99760264  15.
   15.          15.          15.          15.          15.        ]
 [ 15.          15.          15.          15.          15.          14.99524307
   15.          15.          15.          15.          15.          14.98566442
   15.          15.          15.          14.96619912  15.        ]
 [ 14.97694334  15.          14.99824517  15.          15.          14.90923356
   14.89213987  15.          14.98804979  14.99758934  14.97867833
   14.9964605   15.          15.          14.80787464  14.77959318  15.        ]
 [ 14.99965059  14.95928815  14.80269526  14.66164038  15.          15.
   14.91636253  15.          14.99697981  14.77622254  15.          15.
   15.          15.          15.          15.          15.        ]
 [ 15.          14.93718365  14.9827077   14.80616797  15.          14.99664598
   15.          15.          14.99611608  15.          14.98517317  15.
   14.97088554  14.9868863   15.          15.          15.        ]
 [ 14.97151927  15.          14.43494911  15.          15.          14.8847364
   15.          15.          15.          15.          14.9867191   15.
   15.          14.98890206  15.          15.          15.        ]
 [ 14.99861158  14.99880722  14.93636052  14.99907965  14.95587831
   14.99840108  14.9996896   14.95605402  14.87967593  14.97723579  15.
   15.          14.98312768  15.          15.          15.          15.        ]
 [ 15.          15.          15.          14.99896793  14.94862169  15.
   14.98891115  14.94211094  15.          14.98471488  15.          15.
   14.9926446   15.          15.          15.          15.        ]
 [ 15.          15.          15.          14.96007439  15.          15.
   15.          15.          15.          15.          15.          15.
   14.99754491  15.          15.          15.          15.        ]
 [ 15.          15.          15.          14.99524305  15.          15.
   15.          15.          15.          15.          15.          15.
   15.          15.          14.9856652   15.          14.96619908]
 [ 15.          14.9826238   14.98484469  14.9982452   14.90923368  15.
   15.          14.89213996  15.          15.          15.          15.
   14.98804989  14.99758944  14.97899095  14.99510756  14.70760991]
 [ 15.          15.          14.95961575  15.          14.60828076
   14.99965059  15.          14.91636247  15.          15.          15.
   15.          15.          14.99697986  15.          14.7763026
   14.99517297]
 [ 15.          15.          15.          15.          14.80616847
   14.98270793  14.93810185  14.9887877   15.          15.          15.
   14.98517656  15.          15.          14.99611617  14.98688666
   14.9708861 ]] m/s
Max SPL: 52.0030808422 dB
SPL: [[ 47.0186862   49.63558187  51.02659321  51.98562314  46.4333211
   46.10651944  51.14361049  52.00063954  51.31941761  50.65429715
   51.33591543  49.5802139 ]
 [ 47.00312194  49.66837356  51.11239474  51.9700544   46.20687821
   45.60657224  51.75503501  51.8971692   51.65378509  50.4229767
   51.94336372  49.41228296]
 [ 46.33751031  49.5846725   51.10575236  51.98933299  46.19657945
   45.60577334  52.00202064  50.47752731  51.70247789  50.62176132
   51.93539587  49.46130727]
 [ 47.02391009  49.63562765  51.07688378  51.85036927  46.20228846
   45.61290644  51.99070709  51.99654254  51.73765042  50.69573384
   51.99958105  49.43440865]
 [ 47.09992686  49.45262164  50.62194255  51.72429641  46.1822152
   45.92722967  51.9991123   51.99993663  51.66347618  50.69681942
   51.99974864  49.41335719]
 [ 47.03608593  49.25912487  51.04796879  52.00003238  46.46026992
   45.99037777  51.997776    51.99995238  51.56068592  50.58497964
   51.8209904   49.28838714]
 [ 47.0335821   49.61227011  50.9355756   51.85994491  46.10766101
   45.49996442  52.00019359  51.99995329  51.59087809  50.62159414
   51.96914594  49.45291786]
 [ 47.05350375  49.65474133  51.06601127  51.99334126  46.15081138
   45.57159899  51.98165351  51.9999409   51.28525032  50.69659608
   51.84137356  49.50686496]
 [ 47.0185371   49.63620127  50.75002415  51.68366445  46.42727853
   46.09622195  51.12057516  51.99995969  51.33604334  50.63519931
   51.3002002   49.57516302]
 [ 47.00529289  49.67113517  51.09524892  51.95115566  46.20632885
   45.6062525   51.77514634  51.98778084  51.67321088  50.46473499
   51.9986075   49.4835614 ]
 [ 46.35319101  49.6030743   51.10554749  51.98957904  46.19964345
   45.60894987  52.00246234  50.49300431  51.66617445  50.61579011
   51.93448347  49.45390385]
 [ 47.03905989  49.65071849  51.09745555  51.87158445  46.22035156
   45.63070466  51.99878024  51.99971612  51.68887482  50.66656256
   51.96115179  49.42915735]
 [ 47.12029057  49.47462655  50.6372157   51.73968481  46.19513784
   45.93879508  52.00039691  52.00007516  51.63126124  50.65031414
   51.91878149  49.37582884]
 [ 47.01885988  49.24126216  51.04385577  51.99613396  46.4565836
   45.98792247  51.99152157  52.00079587  51.54249113  50.63257827
   51.93490135  49.2930808 ]
 [ 47.04232541  49.621161    51.05555413  51.98767703  46.14268039
   45.53108225  52.00308084  52.00016093  51.58003498  50.61993788
   51.93704658  49.31685603]
 [ 47.02928918  49.63297756  51.06327577  51.98965305  46.12841737
   45.5467018   51.93899467  51.99993138  51.26473232  50.67846704
   51.82482794  49.45439866]] dB
