
CONSTRAINT SATISFIED WITHIN LIMITS
Wind Directions: [   0.    22.5   45.    67.5   90.   112.5  135.   157.5  180.   202.5
  225.   247.5  270.   292.5  315.   337.5] degrees
AEP: 97644653.4134 kWh
X-locations (initial): [ 1550.  1900.  2300.  2200.  2400.  2300.  2300.  2300.   220.   350.
   350.   100.   900.   900.   800.  1100.  1300.] m
X-locations (final): [ 1429.27142518  1751.57089881  2283.97411475  2246.89435952  2490.48359295
  2299.99168062  2333.09853689  2361.            54.30285175   275.10809415
   316.47056543     0.           937.00823402  1000.           837.80077234
  1140.44863389  1410.        ] m
Y-locations (initial): [ 4020.  4100.  3900.  3700.  3700.  3400.  3200.  3100.  1100.  1000.
   800.   600.  1000.   900.   600.   300.   200.] m
Y-locations (final): [ 4206.53629345  4265.16482948  3848.33378542  3661.75142939  3702.14039115
  3411.99836746  3207.70381134  3023.          1321.40855638  1159.99205241
   813.91688453   632.71142167  1210.           901.80795996   668.63068841
   225.68093009   167.55031046] m
RPM: [[ 28.1985719   28.26519983  28.24563332  27.27398707  28.3100435
   27.25410399  27.99353456  27.64941974  28.15363531  27.93131129
   27.60880602  27.53592637  28.00406614  27.92309053  27.76769366
   28.18958952  28.19672799]
 [ 28.28639064  28.22514775  27.9875776   28.04629059  28.23285763
   28.24544596  28.2171267   28.30073951  28.154212    27.92120203
   27.61623923  27.54104688  28.00118944  27.85975162  27.78866415
   28.10498092  28.24619884]
 [ 28.13103107  28.23899658  28.30486991  28.3102809   28.31682895
   28.31601169  28.31673698  28.31682213  28.08470956  27.89003674
   27.7078569   27.54336899  28.05514413  27.99383568  27.88416706
   28.23261481  28.2848142 ]
 [ 28.22402047  28.26836666  28.23691864  28.23774295  28.30083563
   28.30788705  28.31114999  28.31215617  28.07619738  27.82580421
   27.53832235  27.78971957  27.95958547  27.88216301  27.74982988
   28.2113002   28.2457569 ]
 [ 28.27289306  28.21215725  27.92217213  28.08628943  28.21434427
   28.24530859  28.28261414  28.29391122  28.13345989  27.82753632
   27.56641819  27.92322174  27.92240987  27.83555816  27.67528041
   28.17397342  28.20838003]
 [ 27.63528301  28.19378851  27.77410082  28.12548398  28.19716475
   28.24499427  28.27626678  28.29038908  27.67940448  27.83026131
   27.75557531  27.53530931  28.04686596  27.89899591  27.59785131
   28.00538223  28.19355707]
 [ 28.18770284  28.18176336  27.83118814  28.13974854  28.20066963
   28.23768834  28.23829854  28.29269031  27.81640126  27.80577768
   27.81096512  27.60597758  28.19409066  28.10948468  27.75923027
   28.04262183  28.22227283]
 [ 28.19558325  28.19681911  27.98751166  27.87120333  28.24156964
   27.99696687  27.8784518   28.2982041   28.02494395  27.98346881
   27.79744224  27.35131795  28.02473713  28.12468989  27.77155782
   28.02901939  28.20760297]
 [ 28.18577051  28.29562207  26.92705603  28.31512829  28.33190267
   27.99773862  27.64797722  28.3159713   27.99141272  27.86846453
   27.66752006  27.52290942  28.01293473  27.92867838  27.76310173
   28.17673258  28.23574864]
 [ 28.24123248  28.2096425   27.95432682  28.21327545  28.18764085
   28.2890508   28.2236413   28.22106575  28.14925462  27.76161565
   27.64558268  27.52446967  28.00322588  27.91272039  27.80432965
   28.2144782   28.24234356]
 [ 28.13441447  28.2457406   28.31459748  28.31247124  28.24352191
   28.30975213  28.21789449  28.24036759  28.09939132  27.92227934
   27.66341174  27.54087061  28.06323137  27.99876304  27.90652938
   28.23129782  28.24212121]
 [ 28.22707047  28.2592078   28.2339861   28.28867922  28.24097424
   28.30732164  28.31083215  28.31195416  28.08165588  27.83267787
   27.53019784  27.78824641  27.96195638  27.8846453   27.75209284
   28.2104069   28.2406781 ]
 [ 28.27365669  28.20917167  27.9143495   28.15878896  28.13410108
   28.2451196   28.28234216  28.29396081  28.14005961  27.86757087
   27.58633881  28.12272185  27.90871164  27.8504185   27.54967582
   28.20890537  28.22051275]
 [ 28.30827578  28.30008107  27.61523247  28.27662706  28.16608865
   28.30748529  28.31246931  28.3134169   28.16188786  27.9681727
   27.75730662  27.49541868  28.05906471  27.47092832  27.65407943
   28.04110098  28.19857244]
 [ 28.22626063  28.17979038  27.85605672  28.11969768  28.15537134
   28.20605907  28.17972029  28.29036415  28.04237504  27.87284271
   27.68918729  27.58304632  28.14061946  28.07642551  27.89186475
   27.84192991  28.22228455]
 [ 28.1987603   28.185556    27.91118029  28.14786088  28.21297674
   27.92797136  28.01062085  27.87507175  28.05151422  27.97759674
   27.76451475  27.35484806  28.19453075  28.10763935  27.78923754
   28.03974954  28.04168718]]
Effective wind speeds: [[ 15.          15.          15.          14.43562576  15.          14.41974262
   14.82940437  14.64270296  15.          15.          14.95438009
   14.90551187  15.          15.          15.          14.99980312
   14.97092535]
 [ 15.          15.          15.          14.91568103  15.          14.99282203
   14.95901027  15.          14.99892892  14.99781634  14.96644541
   14.8857524   14.99987634  14.95525812  14.98946065  14.93477916
   14.99975843]
 [ 15.          15.          15.          15.          15.          15.
   15.          15.          14.96069722  14.94704659  14.9985899
   14.95985871  15.          15.          14.99501369  15.          15.        ]
 [ 14.99758348  15.          15.          14.97118015  15.          15.
   15.          15.          15.          15.          15.          14.98634463
   15.          15.          15.          15.          15.        ]
 [ 14.99957428  15.          15.          14.95537862  15.          15.
   15.          15.          14.99997722  14.9819953   15.          14.8846176
   15.          15.          15.          14.98269795  15.        ]
 [ 14.6549838   15.          14.97122605  15.          15.          15.
   15.          15.          14.71924834  14.90780878  14.9979817
   14.99013154  15.          15.          15.          14.99447698  15.        ]
 [ 14.95378098  14.99152482  14.97607372  15.          15.          15.
   15.          15.          14.84136006  14.87268823  15.          15.
   15.          15.          14.97796715  15.          15.        ]
 [ 15.          14.99569637  15.          14.81857428  15.          14.85145676
   14.77834047  15.          14.97961651  15.          15.          15.
   14.90244715  15.          15.          15.          15.        ]
 [ 14.97092152  15.          14.19021768  14.99876222  15.          14.83060037
   14.6427121   15.          14.90624826  14.95454104  15.          15.
   15.          15.          15.          15.          15.        ]
 [ 14.96969804  14.96662178  14.905668    14.98459796  14.95453294
   14.99899275  14.95768599  14.95389296  15.          14.89055998  15.
   15.          15.          14.98980992  15.          15.          15.        ]
 [ 15.          15.          14.99935693  14.99863921  14.96092994
   14.99612333  14.94718001  14.960136    15.          15.          15.
   15.          15.          14.9950179   15.          15.          15.        ]
 [ 15.          14.99758369  15.          15.          14.97118048  15.
   15.          15.          15.          15.          14.98628751  15.
   15.          15.          15.          15.          15.        ]
 [ 15.          14.99957422  15.          15.          14.95538783  15.
   15.          15.          15.          15.          15.          15.
   14.9820062   15.          14.88405188  15.          14.98269792]
 [ 15.          15.          14.66028104  15.          14.92789677  15.
   15.          15.          15.          14.99588468  15.          15.
   15.          14.70396754  14.99797642  14.99034461  14.99424133]
 [ 15.          15.          14.99995478  14.99152345  14.97613721
   14.97575978  14.96064926  15.          15.          14.96842052  15.
   15.          15.          15.          14.9792296   14.80022916
   14.97781838]
 [ 15.          15.          15.          15.          15.          14.81864565
   14.85146163  14.77830025  15.          15.          14.97956301  15.
   15.          14.98604256  15.          15.          14.90345439]] m/s
Max SPL: 50.5004245534 dB
SPL: [[ 46.8200255   50.50002202  50.50042455  50.3926809   45.1495327
   44.65096684  50.50000191  50.44580826  50.50000131  49.27916601
   50.50000162  50.31782998]
 [ 46.82978446  50.48615522  50.49999314  50.37908456  45.49602541
   44.95514328  50.50001586  50.4720512   50.5000092   49.4230265
   50.46756398  50.4160393 ]
 [ 46.54927251  50.50000011  50.49999449  50.13668355  45.36003565
   44.84855108  50.50000005  50.50000002  50.50000003  49.27193034
   50.42988918  50.32903087]
 [ 46.87444074  50.50000078  50.50000125  50.48561102  45.3581544
   44.84782723  50.50001115  50.50000546  50.5000065   49.31659639
   50.15982774  50.34618806]
 [ 46.92382136  49.82364514  50.50008807  50.4305226   45.49733971
   44.86434561  50.50000392  49.85982558  48.7003414   49.30231487
   50.40826032  50.28125413]
 [ 46.63558676  50.13331993  50.50013921  50.4636455   45.50162642
   44.74792244  50.50000616  50.44732748  50.50000403  49.28857866
   50.50000613  49.5952076 ]
 [ 46.84722313  50.48122403  50.50000016  50.41674076  45.2931734
   44.78291854  50.50000001  50.50000002  50.48359692  49.33436927
   50.50000001  50.26002018]
 [ 46.84199053  50.49999999  50.49999996  50.40813478  45.2399692
   44.73134654  50.32760854  50.5         50.5         49.17943679  50.5
   50.28613466]
 [ 46.82408103  50.50000001  50.29117856  50.22460857  45.20513355
   44.70653423  50.50000009  50.43679869  50.50000005  49.28433332
   50.50000032  50.3219081 ]
 [ 46.80301971  50.45594012  50.50000001  50.38189137  45.49374285
   44.95195408  50.5         50.46377118  50.5         49.43007064
   50.49042     50.45199499]
 [ 46.54542642  50.50026322  50.49140088  50.12854339  45.34608479
   44.83441847  50.50000228  50.50000196  50.50000164  49.26950931
   50.43310003  50.32125225]
 [ 46.87477016  50.50000005  50.50000112  50.48670068  45.35926993
   44.84876402  50.50000001  50.50000001  50.50000001  49.31596192
   50.1600352   50.34541128]
 [ 46.92452378  49.82378644  50.50006402  50.43177337  45.49971641
   44.86674666  50.50000285  49.91188077  48.78160969  49.30817494
   50.38866673  50.28888564]
 [ 46.93034596  50.44332335  50.5         50.47346593  45.61396364
   44.86508101  50.5         50.48386605  50.5         49.29505445  50.5
   49.58875198]
 [ 46.86405042  50.5         50.5         50.41610589  45.29136554
   44.78139585  50.5         50.5         50.47400682  49.32799864  50.5
   50.2066632 ]
 [ 46.84193415  50.5         50.5         50.41217915  45.23913483
   44.72914577  50.33559473  50.5         50.5         49.1770444   50.5
   50.2645701 ]] dB
