
CONSTRAINT SATISFIED WITHIN LIMITS
Wind Directions: [   0.    22.5   45.    67.5   90.   112.5  135.   157.5  180.   202.5
  225.   247.5  270.   292.5  315.   337.5] degrees
AEP: 97940751.8728 kWh
X-locations (initial): [ 1550.  1900.  2300.  2200.  2400.  2300.  2300.  2300.   220.   350.
   350.   100.   900.   900.   800.  1100.  1300.] m
X-locations (final): [ 1514.02302276  1806.80694633  2268.11098454  2193.63844633  2527.11938993
  2223.82714618  2324.36962626  2361.            60.82016941   300.22912513
   470.83582348     0.           969.88862387   882.21315162   920.20928974
  1156.81759262  1377.28156948] m
Y-locations (initial): [ 4020.  4100.  3900.  3700.  3700.  3400.  3200.  3100.  1100.  1000.
   800.   600.  1000.   900.   600.   300.   200.] m
Y-locations (final): [ 4270.51071211  4325.53510268  4013.          3731.03485109  3953.29683119
  3457.56204534  3283.66271626  3023.          1044.62976157  1082.78649885
   808.31944244   700.43312785  1210.           891.11634356   554.04463564
   382.33730864     0.        ] m
RPM: [[ 28.5         28.5         28.5         28.5         28.5         27.88983397
   28.48002073  28.31186686  28.5000008   28.5         28.5         28.47501981
   28.5         28.5         28.1884937   28.5         28.49793777]
 [ 28.5         28.5         28.5         28.37623778  28.5         28.49973992
   28.49366091  28.5         28.48055297  28.49183504  28.49579261
   28.44005607  28.49523757  28.39100442  28.33400853  28.4036793
   28.49837792]
 [ 28.49899431  28.49904903  28.49896448  28.49849354  28.49898857
   28.49860104  28.49847628  28.49823511  28.40051546  28.42134917
   28.42832218  28.40303373  28.47255334  28.40236655  28.22268768
   28.3070899   28.45027678]
 [ 28.48072429  28.49971979  28.49970838  28.4996342   28.49969294
   28.49957336  28.49953644  28.49945897  28.45161277  28.49647497
   28.49345247  28.49497133  28.49319862  28.48606782  28.4308001
   28.29578661  28.48110995]
 [ 28.49725854  28.49984452  28.47925714  28.5         28.5         28.49976609
   28.49974669  28.49970481  28.35979547  28.49815454  28.49677403
   28.49854384  28.49648116  28.49286752  28.47881613  28.31112462
   28.48884767]
 [ 28.45745147  28.46737409  28.4685404   28.5         28.5         28.5
   28.5         28.5         28.45888228  28.43159782  28.46514872
   28.49478208  28.49968201  28.49935518  28.49459188  28.47996118
   28.49900499]
 [ 28.47382289  28.5         28.5         28.5         28.5         28.37453997
   28.5         28.5         28.49929896  28.19840464  28.48431883
   28.49914964  28.49872555  28.49617689  28.39204534  28.48929091
   28.49817864]
 [ 28.5         28.16757918  28.49946551  28.25541106  28.5         27.49792538
   28.49462326  28.49900121  28.49252449  28.48181501  28.47348548
   28.49090433  28.47389154  28.44392711  28.26555344  28.31230832
   28.48105483]
 [ 28.49745145  28.5         28.0837579   28.05135448  28.5         28.5
   28.31132143  28.49916947  28.46829842  28.49054453  28.47624617
   28.49177162  28.22041848  28.29763199  28.26798194  28.34532227
   28.48300157]
 [ 28.43739988  28.49703115  28.35786971  28.42774942  28.4863657
   28.46192273  28.41448924  28.48530497  28.49823082  28.49753733
   28.49415751  28.49787785  28.40706452  28.4900513   28.31733842
   28.43265863  28.49437071]
 [ 28.49896936  28.49902545  28.49893882  28.49875654  28.4986692
   28.49691321  28.41328619  28.40523736  28.48506034  28.46075269
   28.44823532  28.48173693  28.45009249  28.3977192   28.22006125
   28.30643658  28.44861347]
 [ 28.5         28.48071335  28.49971507  28.49963228  28.4996929   28.5
   28.49954114  28.49946398  28.49743181  28.45058227  28.4917592
   28.49717744  28.49199931  28.48615549  28.43105471  28.29588582
   28.48127172]
 [ 28.4998461   28.497232    28.5         28.5         28.47926063
   28.49977829  28.5         28.5         28.5         28.35930896
   28.49687989  28.5         28.49659665  28.49310386  28.47951738
   28.31132713  28.48922192]
 [ 28.5         28.5         28.45746696  28.5         28.45455982  28.5
   28.5         28.49995997  28.49992965  28.5         28.45883635  28.5
   28.49981652  28.43138463  28.46438726  28.48516078  28.49434212]
 [ 28.49994286  28.49994471  28.5         28.5         28.5         28.47379548
   28.37459578  28.49990419  28.49921261  28.49884705  28.49693974
   28.49904552  28.49856931  28.49570197  28.39850707  28.46611842
   28.19646524]
 [ 28.49948198  28.49949535  28.49946752  28.49936946  28.49948428
   28.46099145  27.67203503  27.80140889  28.49255901  28.4895527
   28.46596048  28.49094301  28.48625216  28.45563826  28.2662029
   28.3080327   28.46680894]]
Effective wind speeds: [[ 15.          15.          15.          15.          15.          14.67838026
   14.98950432  14.90113244  15.          15.          15.          14.9868463
   15.          15.          14.83596467  15.          14.99890919]
 [ 15.          15.          15.          14.93487862  15.          14.99989745
   14.99669817  15.          14.99010169  14.99619554  14.99896151
   14.96886474  14.99813297  14.94453674  14.95181707  14.95403399  15.        ]
 [ 15.          15.          15.          14.99984445  15.          15.
   15.          15.          14.95518047  14.97408564  14.98852504
   14.95819471  15.          15.          15.          15.          15.        ]
 [ 14.9900062   15.          15.          15.          15.          15.
   15.          15.          14.97587121  15.          14.99998506
   14.9988502   15.          15.          15.          15.          15.        ]
 [ 14.9986448   15.          14.98918899  15.          15.          15.
   15.          15.          14.92690856  15.          15.          15.
   15.          15.          15.          15.          15.        ]
 [ 14.9776086   14.98284032  14.98345712  15.          15.          15.
   15.          15.          14.97843336  14.96409095  14.98181735
   14.99732408  15.          15.          14.99812192  15.          15.        ]
 [ 14.9862169   15.          15.          15.          15.          14.93404264
   15.          15.          15.          14.84177659  14.99299585  15.
   15.          15.          14.98280468  15.          15.        ]
 [ 15.          14.82529831  15.          14.87164832  15.          14.47276678
   14.99762971  15.          15.          14.99595051  15.          15.
   14.99350385  14.99387054  15.          14.99605902  15.        ]
 [ 14.99890919  15.          14.78106931  14.76416224  15.          15.
   14.90113588  15.          14.9868463   15.          15.          15.
   14.85922824  14.91581646  15.          15.          15.        ]
 [ 14.96712552  14.99851612  14.92527876  14.9620611   14.99290666
   14.98007493  14.95509808  14.99242931  15.          15.          15.
   15.          14.95285932  15.          15.          15.          15.        ]
 [ 15.          15.          15.          15.          14.99984445
   14.99913014  14.95516289  14.95105604  15.          14.99537531  15.
   15.          14.98852506  15.          15.          15.          15.        ]
 [ 15.          14.9900062   15.          15.          15.          15.
   15.          15.          15.          14.97587121  14.99905826  15.
   14.99934033  14.99998506  15.          15.          15.        ]
 [ 15.          14.9986448   15.          15.          14.98918899  15.
   15.          15.          15.          14.92690856  15.          15.
   15.          15.          15.          15.          15.        ]
 [ 15.          15.          14.97763386  15.          14.976141    15.
   15.          15.          15.          15.          14.97843336  15.
   15.          14.96409095  14.98181735  14.99812192  14.99732408]
 [ 15.          15.          15.          15.          15.          14.98623609
   14.93403863  15.          15.          15.          14.99979677  15.
   15.          15.          14.99306622  14.98850469  14.8412577 ]
 [ 15.          15.          15.          15.          15.          14.97970292
   14.56461557  14.63257144  15.          15.          14.99595051  15.
   15.          15.          15.          14.9938704   14.99240194]] m/s
Max SPL: 55.000000003 dB
SPL: [[ 46.28987369  52.52692265  53.45051773  51.69511565  45.25624467
   44.72124541  53.02152482  53.5916564   49.20180359  50.52694851
   54.96641085  54.99612591]
 [ 46.04064715  52.60983988  54.03657215  52.67759723  45.36372421
   44.77147455  53.15866789  53.65591158  49.1889791   50.45334296  55.
   54.98073101]
 [ 46.63120733  52.28144274  54.3777618   52.68119221  45.32675453
   44.79058899  53.18396608  53.52117462  49.15050894  50.43454384  55.
   55.        ]
 [ 46.34636754  50.80590285  54.43616654  52.51386598  45.32925562
   44.79353996  53.22551805  53.50387755  49.17077276  50.49210957  55.
   55.        ]
 [ 46.40780434  52.45595737  54.41331226  52.71220421  45.33361377
   45.06413913  53.22252415  52.2264899   48.37462531  50.23391373
   54.27454342  55.        ]
 [ 46.33743418  52.56496554  54.4822563   52.74916816  45.33685428
   44.85870623  53.18145441  52.98776671  49.18589956  50.48093104
   54.38077928  55.        ]
 [ 46.34306578  52.53922525  54.44177022  52.7127261   45.31434854
   44.77799902  52.60657855  53.53111824  49.1896563   50.43834827  55.
   54.03170964]
 [ 46.28117945  52.51864769  54.31893806  52.53597745  45.17510968
   44.65329385  53.04991302  53.58222146  49.20203903  50.46409604  55.
   54.17470689]
 [ 46.2706886   52.51860412  53.23672457  51.52285975  45.22936397
   44.69552758  52.98361175  53.58409847  49.1953318   50.50483556  55.
   54.91395075]
 [ 46.01002039  52.57342809  53.9725425   52.62835955  45.34127993
   44.74955539  53.16799116  53.67927899  49.21421095  50.46172515  55.
   55.        ]
 [ 46.62552408  52.2806937   54.3761776   52.67877128  45.31768308
   44.78149793  53.19625067  53.5683926   49.18996723  50.44928537  55.
   55.        ]
 [ 46.35163273  50.81300072  54.43582318  52.51331465  45.3300059
   44.79433434  53.22283748  53.5119481   49.17237278  50.49070694  55.
   55.        ]
 [ 46.40873405  52.45726221  54.42215419  52.71839278  45.33414236
   45.06461264  53.21621503  52.25598478  48.37791195  50.23205368
   54.27454285  55.        ]
 [ 46.35667461  52.59049722  54.47657087  52.7454457   45.34245571
   44.8649465   53.17700281  52.99982387  49.19130215  50.4775717
   54.36521816  55.        ]
 [ 46.35382487  52.55371857  54.4427884   52.71444994  45.31939549
   44.78294413  52.63534515  53.54856002  49.20195916  50.45400924  55.
   54.01069689]
 [ 46.32773592  52.54863065  54.35519441  52.59670743  45.22718092
   44.69878089  53.04952523  53.58244195  49.20183364  50.46282427
   54.99999999  54.17195473]] dB
