
CONSTRAINT SATISFIED WITHIN LIMITS
Wind Directions: [   0.    22.5   45.    67.5   90.   112.5  135.   157.5  180.   202.5
  225.   247.5  270.   292.5  315.   337.5] degrees
AEP: 98108989.5389 kWh
X-locations (initial): [ 1550.  1900.  2300.  2200.  2400.  2300.  2300.  2300.   220.   350.
   350.   100.   900.   900.   800.  1100.  1300.] m
X-locations (final): [ 1441.50235135  1768.55135356  2199.52379385  2242.19308876  2528.08735832
  2281.95305459  2321.8378833   2361.            60.32609874   297.16354789
   459.12016303     0.          1000.           895.86674761   938.92329143
  1261.67080838  1311.12465937] m
Y-locations (initial): [ 4020.  4100.  3900.  3700.  3700.  3400.  3200.  3100.  1100.  1000.
   800.   600.  1000.   900.   600.   300.   200.] m
Y-locations (final): [ 4254.74239564  4314.24076614  3999.73449118  3743.63737061  3922.44033799
  3502.37674456  3260.44459707  3023.           998.84869334  1036.86643262
   765.70519916   662.11675353  1210.           842.54128379   496.29393913
   282.7601254      0.        ] m
RPM: [[ 28.5         28.5         28.5         28.45195697  28.5         28.39883111
   28.4055215   28.3829729   28.5         28.5         28.5         28.47336734
   28.49999884  28.5         28.39740231  28.49855432  28.48660301]
 [ 28.5         28.5         28.5         28.5         28.5         28.48072933
   28.48850716  28.5         28.4300179   28.47574333  28.5         28.4423019
   28.40912239  28.41148298  28.41704435  28.40586093  28.49844583]
 [ 28.5         28.5         28.5         28.5         28.5         28.5
   28.5         28.5         28.41548304  28.40187357  28.47631103
   28.42065291  28.5         28.5         28.5         28.5         28.5       ]
 [ 28.49627217  28.5         28.5         28.4959845   28.5         28.5
   28.5         28.5         28.44102806  28.5         28.5         28.49834539
   28.5         28.5         28.5         28.5         28.5       ]
 [ 28.49745242  28.49498532  28.31084872  28.48752726  28.49261928
   28.49619025  28.49817645  28.49891988  28.35702186  28.49989185  28.5
   28.5         28.5         28.5         28.5         28.5         28.5       ]
 [ 28.46774504  28.45350181  28.20961279  28.43199674  28.46367089
   28.48201833  28.49162487  28.4951094   28.47190763  28.46569877
   28.47458833  28.49269229  28.49690114  28.5         28.4964207   28.5
   28.5       ]
 [ 28.47125791  28.45422023  28.2333221   28.4447255   28.46949187
   28.48450727  28.49274877  28.49576872  28.5         28.17392029
   28.48366342  28.5         28.5         28.5         28.49761726  28.5
   28.5       ]
 [ 28.49939758  28.4359658   28.35490999  28.43787933  28.49789096
   28.44231651  28.42373515  28.49967118  28.5         28.47637276  28.5
   28.5         28.5         28.48212299  28.5         28.48598874  28.5       ]
 [ 28.4940285   28.5         28.45313974  28.40236094  28.5         28.40452487
   28.38820168  28.5         28.4729715   28.5         28.5         28.5
   28.41411305  28.44189294  28.5         28.48864922  28.5       ]
 [ 28.40925787  28.47560687  28.3822076   28.43059251  28.47716916
   28.45394582  28.49778059  28.40587367  28.5         28.5         28.5
   28.5         28.45523136  28.5         28.5         28.5         28.5       ]
 [ 28.5         28.5         28.5         28.5         28.5         28.49863595
   28.41548882  28.37457408  28.5         28.48698708  28.5         28.5
   28.47586701  28.5         28.5         28.5         28.5       ]
 [ 28.5         28.49605815  28.5         28.5         28.49614652  28.5
   28.5         28.5         28.5         28.44051347  28.49816417  28.5
   28.5         28.5         28.5         28.5         28.5       ]
 [ 28.49804224  28.49486157  28.3108105   28.48808745  28.49299693
   28.49651831  28.49826938  28.5         28.5         28.3575568   28.5
   28.5         28.5         28.5         28.5         28.5         28.5       ]
 [ 28.49174124  28.47920727  28.21031801  28.44186223  28.44362086
   28.48424769  28.4926776   28.49572763  28.5         28.5         28.47159297
   28.5         28.49731107  28.46494144  28.4745612   28.49643784
   28.49269617]
 [ 28.49207124  28.48018041  28.23416905  28.41725456  28.46988956
   28.46906632  28.47980777  28.49588476  28.5         28.5         28.49965845
   28.5         28.5         28.5         28.49154442  28.5         28.17362844]
 [ 28.49940069  28.49857868  28.35065486  28.47251386  28.49780417
   28.4403461   28.44537017  28.40616997  28.5         28.5         28.4764291
   28.5         28.5         28.5         28.5         28.5         28.47720354]]
Effective wind speeds: [[ 15.          15.          15.          14.97550485  15.          14.94827301
   14.94970796  14.94111788  15.          15.          15.          14.98578158
   15.          15.          14.94605006  14.99923562  14.99326314]
 [ 15.          15.          15.          15.          15.          14.98982084
   14.99394909  15.          14.96315895  14.9871826   14.9991245
   14.96964589  14.95216896  14.9535303   14.95635195  14.95049101
   14.99919177]
 [ 15.          15.          15.          15.          15.          15.
   15.          15.          14.95553316  14.94836859  14.98726227
   14.95828506  15.          15.          15.          15.          15.        ]
 [ 14.99809499  15.          15.          14.9979573   15.          15.
   15.          15.          14.96897666  15.          15.          14.99911498
   15.          15.          15.          15.          15.        ]
 [ 14.99975114  15.          15.          15.          15.          15.
   15.          15.          14.92509547  15.          15.          15.
   15.          15.          15.          15.          15.        ]
 [ 14.9878294   14.98808231  14.99692319  15.          15.          15.
   15.          15.          14.98519566  14.982282    14.98690866
   14.99629792  15.          15.          14.99847238  15.          15.        ]
 [ 14.98916625  14.98648631  15.          15.          15.          15.
   15.          15.          15.          14.82863323  14.99153375  15.
   15.          15.          14.99897704  15.          15.        ]
 [ 15.          14.96672644  14.98689069  14.96883875  15.          14.970003
   14.96057179  15.          15.          14.98756549  15.          15.
   14.99980742  14.9905681   15.          14.99253754  15.        ]
 [ 14.99683586  15.          14.97550485  14.94827301  15.          14.94970796
   14.94111788  15.          14.98578158  15.          15.          15.
   14.9557765   14.96909891  15.          14.99400352  15.        ]
 [ 14.95226053  14.98716919  14.9380145   14.96346463  14.9881106
   14.97609508  14.99884036  14.95049768  15.          15.          15.
   15.          14.97544897  15.          15.          15.          15.        ]
 [ 15.          15.          15.          15.          15.          14.99929078
   14.95552539  14.93398544  15.          14.99315736  15.          15.
   14.98726227  15.          15.          15.          15.        ]
 [ 15.          14.99809499  15.          15.          14.9979573   15.
   15.          15.          15.          14.96897666  14.99911498  15.
   15.          15.          15.          15.          15.        ]
 [ 15.          14.99975114  15.          15.          15.          15.
   15.          15.          15.          14.92509547  15.          15.
   15.          15.          15.          15.          15.        ]
 [ 15.          15.          14.98782755  15.          14.98769112  15.
   15.          15.          15.          15.          14.98519566  15.
   15.          14.982282    14.98690866  14.99847238  14.99629792]
 [ 15.          15.          15.          14.98648627  15.          14.99154058
   14.99323181  15.          15.          15.          15.          15.
   15.          15.          14.99569151  15.          14.82847528]
 [ 15.          15.          15.          14.98689094  15.          14.96883875
   14.97000065  14.94840957  15.          15.          14.98756549  15.
   15.          15.          15.          14.99980742  14.98797298]] m/s
Max SPL: 59.0000025648 dB
SPL: [[ 47.42025448  52.64361956  58.76808918  52.20014858  45.29593231
   44.77864765  52.25438826  53.85359485  50.28220741  51.15170616
   58.6278859   52.50597971]
 [ 47.32395564  52.65954976  56.55651846  55.28588768  45.57375176
   44.80097314  52.19697377  53.81984417  50.23692803  51.16186076
   58.72018671  52.60321175]
 [ 47.62217227  52.64997672  57.53191619  55.49176368  45.33148382
   44.81568194  52.29632583  53.76651812  50.21363827  51.33552064
   58.81990043  52.49872237]
 [ 47.44966826  52.5413699   58.84628099  55.4891486   45.33159106
   44.81637778  52.29711704  53.76128921  50.20120551  51.13704618
   58.75952561  52.31700317]
 [ 47.48769084  50.44475566  58.99999652  55.45172143  45.77528582
   44.8223597   52.29055806  53.10922198  48.9246211   51.00123069
   58.59517043  51.90864464]
 [ 47.43220203  52.44513523  58.9999993   55.38930538  45.52852844
   44.892671    52.24787742  52.36888178  50.18710984  51.15478204
   57.70108627  52.52231954]
 [ 47.43319408  52.59951114  59.0000018   55.35188463  45.2934262
   44.77807022  51.43803038  53.70269731  50.23914548  51.14582722
   54.65363163  52.53950471]
 [ 47.44266344  52.64249885  58.99999796  55.19432073  45.2841078
   44.76981193  52.40571466  53.78414065  50.39949153  51.17572988
   58.29349972  52.54268404]
 [ 47.41591388  52.63956951  58.7382469   52.17845624  45.29146406
   44.77465956  52.2473335   53.84901702  50.2927188   51.15408899
   58.69049175  52.51013526]
 [ 47.27476397  52.60596649  56.48390966  55.21757318  45.54228569
   44.76820996  52.22056331  53.85938903  50.27215332  51.18354352
   58.7755262   52.65541311]
 [ 47.61714543  52.6492311   57.53109594  55.49039893  45.32135888
   44.80555964  52.31560858  53.81784255  50.25827226  51.35668377
   58.82094863  52.50022029]
 [ 47.45092377  52.54296191  58.84628114  55.48919755  45.33185085
   44.81663176  52.29266394  53.77784172  50.20290352  51.13426119
   58.75945003  52.31683851]
 [ 47.48794552  50.4449994   58.99999655  55.45175464  45.77542739
   44.82245373  52.2810413   53.15341448  48.92778679  50.99882616
   58.59501435  51.9082711 ]
 [ 47.44549642  52.46035583  58.9999985   55.39002273  45.53487981
   44.89881478  52.24669869  52.37933228  50.19213108  51.15320414
   57.68716593  52.51712941]
 [ 47.44455869  52.61282054  59.00000256  55.35109964  45.2952133
   44.7802459   51.48061212  53.72481354  50.25136728  51.16416431
   54.64786827  52.52359358]
 [ 47.44925721  52.6486085   58.99999788  55.19683264  45.28953875
   44.77480398  52.40401287  53.78493183  50.39979247  51.17024825
   58.2937672   52.54782889]] dB
