
CONSTRAINT SATISFIED WITHIN LIMITS
Wind Directions: [   0.    22.5   45.    67.5   90.   112.5  135.   157.5  180.   202.5
  225.   247.5  270.   292.5  315.   337.5] degrees
AEP: 97793762.0781 kWh
X-locations (initial): [ 1550.  1900.  2300.  2200.  2400.  2300.  2300.  2300.   220.   350.
   350.   100.   900.   900.   800.  1100.  1300.] m
X-locations (final): [ 1501.90973837  1829.57897386  2190.26277609  2240.00521321  2459.70517107
  2121.          2270.32691817  2361.           156.1949133    217.11017041
   506.54020805     0.          1000.           764.70253597   938.48121937
  1200.335921    1359.42378431] m
Y-locations (initial): [ 4020.  4100.  3900.  3700.  3700.  3400.  3200.  3100.  1100.  1000.
   800.   600.  1000.   900.   600.   300.   200.] m
Y-locations (final): [ 4137.49761521  4197.1316641   3914.43832588  3524.68687523  3851.76304624
  3353.          3234.51514254  3066.10345329   880.1518209   1311.4293243
   781.42285614   650.67901437  1145.07564039   824.22119282   700.97545663
   242.5618418      0.        ] m
RPM: [[ 28.48075602  28.43405708  28.26343224  28.4493069   28.43207234
   28.46243066  28.05582627  28.4894733   28.44830655  28.48944224
   28.32027373  28.49236492  28.4852097   28.40147482  28.44393528
   28.49544254  28.49566736]
 [ 28.49821478  28.49490009  28.44652803  28.4965684   28.49443852
   28.03922032  28.4879396   28.5         28.43178078  28.48548871
   28.4713947   28.41433754  28.40676777  28.4971828   28.41870245
   28.40760027  28.5       ]
 [ 28.5         28.5         28.49971797  28.49911306  28.5         28.33701904
   28.49999868  28.49893978  28.3677799   28.43091749  28.31262913
   28.40528346  28.4581786   28.31485882  28.44612815  28.4889875
   28.49454787]
 [ 28.49549047  28.49870444  28.5         28.49999357  28.5         28.49807738
   28.49805752  28.4979482   28.39923204  28.44462267  28.26607272
   28.44564549  28.42196423  28.30169668  28.39091438  28.47978387
   28.48862133]
 [ 28.4953856   28.48936484  28.33686039  28.49480462  28.49209163
   28.49595817  28.49730961  28.4978516   28.32049038  28.4778581
   28.26465665  28.42143623  28.46756     28.34390912  28.45420928
   28.49176369  28.49524684]
 [ 28.4693381   28.41093381  28.28642458  28.47562851  28.45151534
   28.38319359  28.49100607  28.49444024  28.43613545  28.5         28.5
   28.47594132  28.4999918   28.18940582  28.5         28.5         28.5       ]
 [ 28.47247798  28.43139365  28.29379382  28.47253834  28.43996504
   26.81819877  28.43691655  28.49212209  28.5         28.32359608
   28.43294186  28.5         28.5         28.28804561  28.5         28.47204831
   28.5       ]
 [ 28.48214072  28.18047756  28.29703705  28.44588524  28.44059262
   28.48207581  26.94817557  28.48798761  28.40511287  28.3985154
   28.24515599  28.38658607  28.32002575  28.27768924  28.31455269
   28.46919623  28.48431859]
 [ 28.48482735  28.45274376  28.2733209   28.04501599  28.45075248
   28.4869231   28.49019014  28.49381758  28.48539059  28.45128577
   28.32093585  28.49234865  28.45111074  28.39670848  28.4800697
   28.4957666   28.49743748]
 [ 28.4058053   28.46849782  28.39608527  28.03403334  28.48794781
   28.4306196   28.49786401  28.40847904  28.44399365  28.47512941  28.5
   28.5         28.5         28.5         28.5         28.5         28.5       ]
 [ 28.4999887   28.49998969  28.49998901  28.33695593  28.49800511
   28.49555748  28.46626759  28.38308761  28.44420625  28.46177816
   28.30073077  28.47700977  28.45257413  28.30929177  28.43847221
   28.48732395  28.49337811]
 [ 28.49889887  28.49535067  28.49893584  28.49870706  28.49897951
   28.49851517  28.49849947  28.49841393  28.42841766  28.45602207
   28.27652624  28.46866133  28.41512007  28.27728773  28.40448033
   28.48400477  28.4910924 ]
 [ 28.49508903  28.48238868  28.33885684  28.49242625  28.47499451
   28.49465698  28.49680248  28.49776589  28.48443065  28.49052888
   28.33383335  28.49303935  28.48633954  28.23391334  28.42403446
   28.49638814  28.49787043]
 [ 28.47673537  28.3886785   28.29365977  28.46210682  28.40120912
   28.47893348  28.38291952  28.49126639  28.49957005  28.49930517
   28.42202676  28.49951189  28.49829764  28.49491021  28.18523022
   28.49152998  28.47882326]
 [ 28.48873153  28.46160505  28.283202    28.47944914  28.46059744
   28.48629153  27.23460644  27.38582391  28.4996464   28.5         28.4996163
   28.5         28.5         28.38182992  28.28162688  28.35794509
   28.43435084]
 [ 28.47769965  28.42812296  28.26792965  28.46415138  28.42539531
   28.28693771  28.30434681  26.96017563  28.33700757  28.41759607
   28.2272962   28.40595297  28.36284515  28.29129812  28.35404351
   28.46290755  28.47468713]]
Effective wind speeds: [[ 15.          15.          15.          14.99048014  15.          14.9902971
   14.77136018  14.99929753  14.97950503  15.          15.          15.
   15.          15.          14.9812445   14.99997103  14.99915879]
 [ 15.          15.          15.          14.99976267  15.          14.75577555
   14.99392693  15.          14.9627282   14.99290506  14.98362115
   14.95488318  14.95150611  14.99882689  14.95553348  14.95186824  15.        ]
 [ 15.          15.          15.          15.          15.          14.91580163
   15.          15.          14.95306349  14.98293193  14.99981769
   14.96104485  15.          14.99886138  15.          15.          15.        ]
 [ 14.99814391  15.          15.          15.          15.          15.
   15.          15.          14.99129675  15.          14.98859132
   14.99170098  15.          15.          15.          15.          15.        ]
 [ 14.99977669  15.          14.99331349  15.          15.          15.
   15.          15.          14.92437424  15.          14.97626418
   14.97065172  15.          15.          15.          15.          15.        ]
 [ 14.99028948  14.99325812  14.98790631  15.          15.          14.94340681
   15.          15.          14.96598626  15.          15.          14.98989543
   15.          14.84485625  15.          15.          15.        ]
 [ 14.99467206  14.99393105  15.          15.          15.          14.1203835
   14.97418084  15.          15.          14.9080242   14.96484292  15.
   15.          14.88810391  15.          14.98551108  15.        ]
 [ 15.          14.8629544   15.          14.98690871  15.          15.
   14.18615486  15.          15.          14.99647613  15.          15.
   14.9970893   15.          14.99865092  14.99833859  15.        ]
 [ 14.99915829  15.          14.9864034   14.77136008  14.99929753  15.
   15.          15.          15.          14.97950504  15.          15.
   14.9812445   15.          15.          15.          15.        ]
 [ 14.95055698  14.98362042  14.94532097  14.75577139  14.9938458
   14.96342287  14.99897227  14.9518826   14.97073155  14.98681767  15.
   15.          15.          15.          15.          15.          15.        ]
 [ 15.          15.          15.          14.91579205  14.99935972
   14.99825638  14.98304712  14.93909002  14.99694143  15.          15.
   15.          14.99884691  15.          15.          15.          15.        ]
 [ 15.          14.99814391  15.          15.          15.          15.
   15.          15.          15.          15.          14.99430177  15.
   14.98940972  14.98859147  15.          15.          15.        ]
 [ 15.          14.99977669  15.          15.          14.99331363  15.
   15.          15.          15.          15.          15.          15.
   15.          14.92073591  14.97065033  15.          15.        ]
 [ 15.          15.          14.99028922  15.          14.98615434  15.
   14.94340683  15.          15.          15.          14.96598626  15.
   15.          15.          14.84485626  14.99515367  14.99113347]
 [ 15.          15.          14.99393081  14.99879253  15.          14.99991352
   14.33699065  14.42134875  15.          15.          15.          15.
   15.          14.937212    14.88805387  14.9329428   14.96185169]
 [ 15.          15.          15.          15.          15.          14.89990085
   14.90757377  14.18591537  15.          15.          14.99647573  15.
   15.          15.          15.          14.99865094  14.99664856]] m/s
Max SPL: 54.0010193252 dB
SPL: [[ 45.41693272  48.45019846  54.00000001  53.92325195  46.06255813
   45.51099167  53.9997631   52.64793668  50.61444634  51.13810504
   50.63530598  50.92880028]
 [ 45.66055599  48.36655713  53.99985258  53.88605399  46.31042975
   45.60821501  53.64426113  53.17492808  50.58327101  51.21682902
   50.60770663  51.03508172]
 [ 45.22397791  48.47613862  53.98268442  51.57944262  46.12131489
   45.53444943  53.99999999  53.17791755  50.55347109  51.11584481
   50.71720446  50.82175315]
 [ 45.44938369  48.3307028   51.90404473  53.92012851  46.13483086
   45.54778021  54.00000001  53.18181673  50.50988924  51.11803504
   50.50953774  50.86249679]
 [ 45.677994    48.34872734  53.81458799  54.          46.08648426
   45.65572634  53.99999125  52.63868302  49.06528706  50.33587094
   50.4642187   50.70361259]
 [ 45.42630881  48.48984623  53.9999999   53.99633181  46.09167228
   45.51630221  53.88000668  53.18885198  50.551026    51.13208201
   50.64001939  50.74674673]
 [ 45.39392327  48.43087959  54.          53.95921775  45.97791953
   45.39099276  53.70518302  53.23332449  50.60373709  51.21523743
   50.63327951  50.90055246]
 [ 45.37002511  48.40211679  54.00000201  53.94369592  46.42993911
   45.8737381   54.00101933  53.00878275  50.55268952  51.03847609
   50.57381633  50.88914987]
 [ 45.41942525  48.45320319  54.          53.92252829  46.06424901
   45.51149279  54.          52.65825894  50.61707477  51.14131928
   50.64364497  50.93179435]
 [ 45.62146934  48.3203826   53.96239132  53.84884739  46.29475847
   45.58772355  53.66433408  53.19978557  50.62765005  51.24119566
   50.64647666  51.08081004]
 [ 45.22125239  48.47387615  53.97938475  51.5733645   46.11761308
   45.53068459  53.99999999  53.2211267   50.59227604  51.12095494
   50.71703409  50.82142577]
 [ 45.45029165  48.33156242  51.90339187  53.91946051  46.13520773
   45.54822159  53.99999996  53.19723911  50.52286274  51.12306425
   50.51273901  50.86503864]
 [ 45.6775007   48.34763404  53.81444678  54.          46.08585982
   45.65535156  54.          52.7170746   49.11090328  50.35198857
   50.4540061   50.70159026]
 [ 45.42547569  48.48939849  53.99997599  53.99727025  46.09105359
   45.51559762  53.91678745  53.21553142  50.56433732  51.12509222
   50.58811652  50.72129756]
 [ 45.40158162  48.44132736  54.          53.96074016  46.00555369
   45.41307705  53.73616603  53.23858475  50.6060398   51.23013151
   50.57525788  50.83649845]
 [ 45.39705599  48.43713073  54.00000001  53.94692174  46.44132284
   45.88322112  53.99999998  52.99097594  50.55619839  51.03426971
   50.58272746  50.89021098]] dB
