
CONSTRAINT SATISFIED WITHIN LIMITS
Wind Directions: [   0.    22.5   45.    67.5   90.   112.5  135.   157.5  180.   202.5
  225.   247.5  270.   292.5  315.   337.5] degrees
AEP: 86326753.5816 kWh
X-locations (initial): [ 460.  850.  320.  750.  180.  630.  100.  540.  110.  470.  100.  440.] m
X-locations (final): [ 509.18281589  660.6823017   404.4053043   496.91913277  276.38814322
  588.45355801  444.75917419  656.52209765  431.09651067  635.72117313
  557.42262712  738.27453799] m
Y-locations (initial): [  140.   320.   350.   500.   590.   770.   850.  1000.  1150.  1300.
  1430.  1570.] m
Y-locations (final): [  1.75737935e-01   4.31451088e+02   1.46537202e+02   5.06161366e+02
   2.73075155e+02   8.68394806e+02   6.78438571e+02   1.03816063e+03
   9.55795017e+02   1.50207157e+03   1.33999327e+03   1.65000000e+03] m
RPM: [[ 10.00912383   8.08491237  10.11596046   9.90512406  10.18121808
    9.79787172   2.47009767   7.93982123   2.69477651   8.77613904
    8.59653969   7.90520255]
 [  9.86222971   8.62438531   9.89044191   9.82699963   9.85330858
    8.02041913   8.62228687   8.15200431   8.05625915   8.17944284
    1.96639375   9.1216986 ]
 [  9.92346151   9.07369476   9.9533672    8.92465629   9.89655341
    8.85220144   8.15120427   8.17032061   1.90286921   8.11776365
    1.96940068   9.92773889]
 [ 10.06986913   8.57548445   9.95198137   8.03639219   9.84080497
    9.69709189   7.88291746   7.83202102   7.33873501   7.78741443
    1.62938718   9.66760916]
 [  9.90814387   8.06673782   9.91939663   8.76827166   9.91514178
    9.79618058   8.56664308   8.07899914   1.97032332   8.86808281
    2.06922539   8.9831758 ]
 [  9.96669531   8.11778713   9.92487125   9.79357285   8.18147695
    9.7879594    7.92514599   8.52786756   7.89720377   7.94721476
    1.86336503   8.8279247 ]
 [  9.93405869   9.79398461   8.89050522   8.74245714   8.28393193
    9.77253891   8.01677889   7.90240164   8.55442856   8.55805893
    1.89271187   8.57719145]
 [  9.86635864   8.61089819   9.81146051   9.77207925   9.75769385
    7.88697746   7.87696632   7.91580712   7.79659554   7.92593795
    1.76491038   9.8564873 ]
 [  9.98864178   8.14708624  10.05801824   8.87488793  10.09136329
    8.85101591   8.95263464   8.14348097   2.22313851   9.85778798
    2.2045291    8.70948349]
 [  9.9468743    8.16995224   9.93167432   9.83232734   9.93061551
    9.82238188   8.1277005    7.9777644    2.24023886   8.01808069
    8.13288262   8.20486469]
 [  9.89501489   8.26625625   9.99220203   8.6822518    9.95019664
    9.83468582   8.16058691   9.82372486   1.99872678   2.32801646
    2.05054025   9.95264378]
 [ 10.07906719   8.27163313  10.00524014   9.88741884   9.94142605
    8.81938618   2.10959947   8.13366321   7.9574674    8.07648429
    1.9989739    9.80874123]
 [  9.97231077   8.20553268   9.99045992   9.01956879   9.9870773
    8.2115217    8.94399302   8.19743362   2.27489289   8.94535374
    2.2997778    9.43350999]
 [  9.88383694   7.99377367   9.8582071    9.80456637   9.81467222
    8.57361218   8.55079017   8.65351344   1.88574603   8.84916656
    2.02553327   9.08630831]
 [  8.98643727   8.90965977   9.89377789   9.86519712   9.82434988
    9.8064974    8.10877849   8.11649987   1.80302303   8.70093156
    1.95926048   8.94686195]
 [  9.89866055   8.72987578   9.88641121   9.79623094   8.78252156
    7.94582844   7.90368389   8.56421486   7.863744     7.92790734
    1.89449529   9.78943819]]
Effective wind speeds: [[ 13.34366279  13.63311859  13.95983436  13.86191029  14.          13.60704627
   13.97480621  13.61296971  14.          13.99936699  13.92436835  14.        ]
 [ 13.67083006  14.          13.80589091  13.87255809  13.40418208
   13.3356308   13.73025456  14.          13.52717684  13.39183472
   13.0863497   14.        ]
 [ 14.          14.          13.51396207  14.          13.35578231
   13.97327124  13.61907782  14.          13.99756924  13.41271865
   13.90512418  14.        ]
 [ 14.          14.          14.          14.          13.45338862  14.
   14.          14.          13.44582543  14.          14.          14.        ]
 [ 14.          14.          14.          13.92443699  14.          14.
   14.          14.          13.95823138  14.          14.          14.        ]
 [ 14.          14.          13.98778432  13.3011177   13.77400047  14.
   14.          14.          12.87662816  14.          14.          14.        ]
 [ 14.          14.          13.02227004  13.8882531   12.62050616  14.
   13.10087659  14.          13.73413568  14.          14.          14.        ]
 [ 14.          14.          13.58771872  14.          13.93514137
   13.98995087  12.83372041  14.          13.62568791  14.          13.55023205
   14.        ]
 [ 14.          14.          14.          13.36352555  14.          13.89205564
   13.44191849  13.63997251  13.15733436  13.55807991  13.6136293
   13.92664705]
 [ 14.          13.49481276  14.          13.80511686  14.          13.63249534
   13.18482899  12.6791204   13.99967744  13.2950571   13.98914654
   13.45773258]
 [ 14.          13.35649433  14.          13.11236288  14.          13.71039423
   14.          13.94953084  14.          13.99673802  14.          13.98559823]
 [ 14.          13.14676195  14.          14.          14.          14.
   14.          13.41364619  14.          14.          14.          14.        ]
 [ 14.          13.89099568  14.          14.          14.          13.99897262
   14.          13.99975896  14.          14.          14.          14.        ]
 [ 13.98762154  12.73799756  13.78148299  14.          14.          13.97735632
   14.          14.          14.          14.          14.          14.        ]
 [ 12.54094095  13.48989076  12.78892018  13.96925881  14.          13.99487708
   14.          14.          14.          14.          14.          14.        ]
 [ 13.58181233  13.72535209  13.95716192  13.40418627  14.          14.
   13.98785519  13.98212273  14.          14.          14.          14.        ]] m/s
Max SPL: 38.5020431488 dB
SPL: [[ 38.50001082  38.50000831  38.35331036  37.91770553  34.98654327
   38.50000726  37.98381904]
 [ 38.50169203  38.50204315  38.37416648  37.8511642   34.94319064
   38.50169255  38.08884842]
 [ 38.50000055  38.49999104  38.48609283  37.81517512  34.6612376
   38.49999697  37.89953575]
 [ 38.50009205  38.50007631  38.43941607  37.66105713  34.71404971
   38.50008533  37.93522671]
 [ 38.50000976  38.50000965  38.38659317  37.80436636  34.71964521
   38.50001135  37.95156382]
 [ 38.50004858  38.50004127  38.35778818  37.74460515  34.67617755
   38.50005851  37.84579446]
 [ 38.50000622  38.50000848  38.05591124  37.80483211  34.64444499
   38.50000869  37.74633154]
 [ 38.50002558  38.37901071  38.45011187  37.882474    34.71761712
   38.50001612  38.01111717]
 [ 38.5000011   38.50000072  38.5000005   37.98189485  34.77829435
   38.50000084  38.00398764]
 [ 38.50000206  38.50000197  38.2469555   37.79786841  34.93128303
   38.5000025   38.06212692]
 [ 38.50000739  38.50000334  38.29328105  37.60766016  34.66010916
   38.50000989  37.92785972]
 [ 38.50010509  38.50014192  38.50012128  37.70814411  34.72382833
   38.5001298   37.95145618]
 [ 38.50000029  38.50000051  38.50000043  37.89084131  34.73004622
   38.50000031  37.96766853]
 [ 38.49994733  38.49994112  38.4997301   37.86365308  34.72232423
   38.49990864  37.95498585]
 [ 38.5000018   38.50000128  38.10151759  37.82782623  34.70743846
   38.50000121  37.91439847]
 [ 38.5000001   38.44694979  38.50000156  37.92624454  34.69739598
   38.50000066  37.95464473]] dB
