
CONSTRAINT SATISFIED WITHIN LIMITS
Wind Directions: [   0.    22.5   45.    67.5   90.   112.5  135.   157.5  180.   202.5
  225.   247.5  270.   292.5  315.   337.5] degrees
AEP: 24259189.7981 kWh
X-locations (initial): [ 365.77300924  645.00064543  203.33261796  402.90725008  380.20128921
  610.04807284  410.77179621  681.2280172   516.04880135  650.59511766
  591.01377179  662.00161186] m
X-locations (final): [ 359.99149257  532.797694    179.99149257  402.76533006  286.9662595
  636.1283796   414.54702436  679.73130462  518.63173349  668.71709417
  715.4860563   664.19908926] m
Y-locations (initial): [    3.45260246   200.8426299    110.02119079   267.74085551   545.54444998
   602.59073511   743.28358278   845.15782899   951.21068048  1106.63690831
  1336.26455349  1605.50139911] m
Y-locations (final): [    0.            50.37873374     0.           174.84392724   312.65022339
   417.82754427   439.62718391   829.65704038   909.94980642  1009.31974456
  1266.64268391  1605.21595516] m
RPM: [[ 8.08848324  1.97773796  7.95541784  1.87983897  1.68908692  6.22432075
   1.66329938  1.57713777  1.50635212  7.69170224  1.56186082  7.34375706]
 [ 2.0231304   1.90072983  8.16369853  7.91732438  1.78319253  5.95692399
   1.69661816  1.58602151  1.62172641  7.67788988  1.52230705  7.15130732]
 [ 7.75770145  1.59165268  6.71634593  1.63553717  6.54896981  6.72821468
   5.93266224  1.6880969   1.66160675  1.74054823  1.94295219  8.09588804]
 [ 7.81870358  1.76793412  7.42068048  5.91432775  1.50113374  1.67682702
   1.54257521  1.65107026  7.67312453  7.80444863  1.69258597  1.70890462]
 [ 7.88786609  5.86445194  8.00871689  1.69936963  1.79785481  1.52247982
   1.70772372  1.57001713  1.67825868  7.75487066  1.5494184   7.58882956]
 [ 2.30494464  1.78077353  2.75728053  8.65913092  2.34399852  7.77564468
   1.99430644  1.56928642  1.74753118  1.58198645  7.68332635  6.01045531]
 [ 2.47723701  2.78242286  8.8283587   2.31649423  1.7646935   2.35861952
   1.78697212  8.55924727  7.78957883  1.78308942  1.79018126  1.73833857]
 [ 8.12702948  1.75094022  2.44341046  1.9929224   2.1317569   1.66751615
   7.94551794  7.83391817  1.88234117  1.73226997  1.65173773  7.65052365]
 [ 8.56142436  2.294841    7.83866921  1.9309462   1.60353324  2.28608337
   1.84017101  7.94934196  1.75421534  1.84928651  1.77985839  7.76063429]
 [ 2.40165056  2.37607973  8.22552406  8.19118281  1.84634175  1.95564721
   1.80612045  7.82012874  1.67894054  1.61134625  1.56152645  7.73586924]
 [ 7.77178484  1.57921395  1.76000115  7.78093738  7.79112877  1.55920817
   1.60435721  5.87768007  1.55123094  1.62035197  1.69533893  7.8562005 ]
 [ 8.58613233  7.77640851  2.43765711  5.41836058  2.3334748   1.62945918
   2.04724391  1.80893094  2.35040283  2.26111318  2.38202348  8.32041441]
 [ 7.85311845  1.81695735  7.22656226  7.80674516  1.5288385   1.71213573
   1.58739022  1.6123174   1.53551302  1.5818525   7.72020549  6.79187084]
 [ 7.79515584  1.53319642  2.1345218   6.8943659   1.93671337  1.48005668
   1.7262862   7.72116116  7.90505927  1.68117088  1.68997707  6.15993345]
 [ 8.21529706  2.34833471  7.9551593   2.02452775  1.71672716  2.03690427
   1.7226486   7.88677553  1.60815468  1.72943082  1.75064646  7.84491158]
 [ 2.35079008  2.72853302  7.95331218  8.78718457  1.74983147  2.3498333
   1.79186542  2.06714652  6.19401383  1.95929802  7.95561942  1.97277567]]
Effective wind speeds: [[ 13.98555859  13.99399854  13.99994846  13.9810599   14.          13.73114668
   13.99984906  13.48492575  14.          13.77574582  13.92165884  14.        ]
 [ 13.66165891  13.95638709  13.93745008  13.97819971  13.96677337  14.
   13.74229448  13.99221899  13.99219232  13.99719738  14.          14.        ]
 [ 13.99911994  14.          13.85041348  13.76430735  13.79940045  14.
   13.9998974   14.          13.98529153  14.          14.          14.        ]
 [ 13.97858177  14.          13.89954029  14.          13.98848951  14.
   13.9999751   14.          13.74804883  14.          14.          14.        ]
 [ 13.96010359  14.          13.381886    14.          14.          14.
   13.98342191  14.          13.99854562  14.          14.          14.        ]
 [ 14.          14.          13.99834614  13.99521795  13.95290359  14.
   13.95519127  14.          13.97952568  14.          14.          14.        ]
 [ 14.          14.          14.          13.96381798  13.95808709  14.
   14.          14.          13.88692535  14.          14.          14.        ]
 [ 14.          14.          14.          13.9991861   13.76395672  14.
   13.98945689  14.          13.99826344  13.82649153  14.          13.99854257]
 [ 14.          14.          14.          13.56754684  13.97294533
   13.99982185  13.76767029  13.98732588  13.99134301  13.47457369
   13.68882031  13.80105074]
 [ 14.          14.          14.          13.98257733  13.62424265
   13.99314264  13.76647663  13.72043487  13.88799103  13.91730073
   13.88990339  13.99975239]
 [ 14.          13.97812219  14.          13.98587767  14.          13.58813721
   13.41258992  13.99533537  14.          13.98704065  14.          14.        ]
 [ 13.99450288  13.23249729  14.          13.99925586  14.          13.98345478
   13.99825508  14.          14.          13.98659219  14.          14.        ]
 [ 13.55756428  13.83975969  14.          14.          14.          13.98264381
   14.          13.9985807   14.          14.          14.          14.        ]
 [ 13.99848272  13.92330004  14.          13.99858551  14.          13.99828604
   14.          13.36927769  14.          14.          14.          14.        ]
 [ 14.          13.96987032  14.          13.97809343  14.          14.
   14.          13.99712375  14.          14.          14.          14.        ]
 [ 13.99215803  13.96647165  14.          13.9962148   14.          13.98064082
   14.          13.99257064  14.          14.          13.99822704  14.        ]] m/s
Max SPL: 33.0000006126 dB
SPL: [[ 33.0000002   33.00000015  32.94560145  32.47066957  29.49087781
   33.00000017  32.9381826 ]
 [ 33.00000005  33.00000002  32.85523327  32.38388324  29.53416369
   33.00000001  32.93224483]
 [ 33.00000052  32.79011369  33.00000036  32.5308657   29.44345697
   33.00000049  33.00000053]
 [ 33.00000015  32.71842352  31.74185617  31.26364108  29.37223815
   33.00000013  33.00000011]
 [ 33.00000027  32.98711033  33.0000002   32.56920008  29.4182432
   33.00000026  32.94813699]
 [ 33.0000005   33.00000061  32.93297952  32.03539126  28.93928553
   32.61453345  32.19127427]
 [ 32.88994947  32.79113241  31.64636659  31.37421032  29.32509649
   33.00000004  32.9489089 ]
 [ 33.          32.87199469  33.          32.53388122  29.28965151  33.
   32.53265429]
 [ 33.00000001  33.00000001  33.00000001  32.5262791   29.52253266
   33.00000001  33.00000001]
 [ 33.00000001  33.00000001  33.          32.52988888  29.59489715  33.
   33.        ]
 [ 33.          32.79659826  32.88730178  32.43005422  29.46011512  33.
   32.99914389]
 [ 33.00000043  32.60584251  33.0000002   32.23557238  29.04627561
   32.57928326  32.4490493 ]
 [ 32.99877099  33.00000001  32.96864969  32.45926708  29.43888186
   33.00000001  33.00000001]
 [ 33.00000027  33.00000019  33.00000017  32.06836567  29.24030982
   33.00000028  32.5283637 ]
 [ 33.00000003  32.97465405  32.56789596  32.54909378  29.42637821
   33.00000002  32.96277018]
 [ 33.00000005  32.77193135  32.1728042   31.70126385  29.40863229
   33.00000006  33.00000006]] dB
