
CONSTRAINT SATISFIED WITHIN LIMITS
APP: 14242.6903356 kW
Max SPL: 30.0002641489 dB
SPL: [[ 27.15641708  29.20756486  29.66391932  30.00000115  25.94366426
   30.00000271  25.22640646]
 [ 27.51435487  30.00026415  30.00019062  29.98953749  22.03724357
   28.92317439  27.90998705]
 [ 29.86765468  30.00002539  30.00001823  27.95912048  25.01490929
   27.11771347  30.00002519]
 [ 30.00006985  30.00021664  29.99934442  23.76778547  27.01089772
   30.00022661  30.00013441]
 [ 30.0000225   29.6156666   28.52362488  26.10512368  27.13900788
   30.00001436  30.00001673]
 [ 30.00004161  28.38212258  24.79104059  28.32378269  27.15954868
   30.00002628  30.00002239]
 [ 30.00000668  26.60476617  23.06910817  29.57034681  27.00651986
   30.00000906  29.36242702]
 [ 30.00010645  26.47663293  28.19112908  30.0000764   26.87864202
   30.0001476   29.04299581]
 [ 26.47145084  29.19461058  29.67281264  30.00000022  26.06164946
   30.00000055  26.08953914]
 [ 27.07277808  30.00001209  30.00000938  29.99736047  23.03791245
   29.11187587  28.29014445]
 [ 29.92080485  30.00000116  30.00000072  28.0469724   25.25484539
   27.47522741  30.00000071]
 [ 29.99980742  29.98768847  29.99997087  24.33388563  27.00126288
   29.99996783  29.99992456]
 [ 30.00000906  29.61603642  28.56505963  26.33525972  27.14035502
   30.00002851  30.00001153]
 [ 30.00000262  28.41998911  25.16882757  28.33848538  27.15429147
   30.00000246  30.00000266]
 [ 30.00023687  26.75733503  23.45499697  29.5209569   27.02064201
   30.0001679   29.39905853]
 [ 30.00009658  26.73218478  28.2204249   30.00010598  26.87065205
   30.00011463  29.01205438]] dB

Wind Directions: [   0.    22.5   45.    67.5   90.   112.5  135.   157.5  180.   202.5
  225.   247.5  270.   292.5  315.   337.5] degrees
X-locations (initial): [ 460.  850.  320.  750.  180.  630.  100.  540.  110.  470.  100.  440.] m
X-locations (final): [ 540.          900.          360.          720.          180.
  573.07021368    0.          650.0280202    37.77011549  537.30679303
   71.68516157  621.08335141] m
Y-locations (initial): [  140.   320.   350.   500.   590.   770.   850.  1000.  1150.  1300.
  1430.  1570.] m
Y-locations (final): [    0.             0.             0.             0.             0.
   176.93605078     0.           389.80800986   182.97595582  1408.2661628
  1355.4049168   1647.99422093] m
RPM: [[ 10.75751009  10.85448976  10.70694543  10.81609817  10.65091597
   10.69063332  10.62127843  10.71447224  10.55524843   9.0030617
    8.88733929   8.54928987]
 [ 10.63542161  10.54328671  10.67916412  10.58039881  10.76150659
   10.55997782  10.81924257   8.87851439  10.7343292    8.85194305
   10.67558511   8.57775824]
 [ 10.57764523   9.50144477  10.58543797  10.56699121  10.57886603
    9.37055224  10.23928451   8.83530862   8.91627623   9.19892798
    9.35952705  10.01197116]
 [  9.53773345   9.45549755   9.49119316   9.51349888   8.93458117
    9.43593476   8.84461662   9.34963714   8.59868219  10.52902115
   10.08752653  10.56011597]
 [  8.74639007   8.50045259   8.9413275    8.60628742   9.03305988
    9.39728375   9.13035916  10.5321433    9.79700978  10.59758811
    8.5318389   10.65871838]
 [  8.84092563   8.46791099  10.53687035   8.55146082  10.28203777
    8.77838959   9.71274924   8.72177702   8.94997831   9.57947191
    8.5020205   10.62796045]
 [ 10.08075108   8.54788809   9.63382017   8.87350007  10.56530207
    8.86959407   9.72186942   8.85340846   8.8845728    9.70537658
    8.49444913  10.64548998]
 [ 10.59483283   9.5649778   10.58391296  10.58431115  10.57748611
    9.60490936  10.29341497   8.97436156   8.60385845   8.99561876
    8.53167421  10.3280921 ]
 [ 10.76623499  10.86880185  10.74200805  10.82700217  10.66739981
   10.7440756   10.60368975  10.74881554  10.30165497   9.02438696
    8.91798254   8.57877628]
 [ 10.6511024   10.58121665  10.72846983  10.62051563  10.78816357
   10.62265799  10.81083317   8.69263542  10.81573917   8.86198987
   10.66637105   8.57631464]
 [ 10.57287687  10.05637152  10.58383273  10.55270805  10.59705265
    8.90027619  10.11581256   8.61309392   9.03646303   9.23066563
    9.45714548   9.99093576]
 [  9.6972564    9.63956769   9.49903426   9.26205821   9.30135377
    9.51442021   8.58250617   9.0601486    8.55248937  10.57860941
   10.00072671  10.57624271]
 [  8.76647724   8.61863946   8.92762517   8.67506844   9.33012627
    9.42375477   9.04816045  10.54644758   9.476484    10.59369805
    8.53110123  10.66354955]
 [  8.90001181   8.51259609   9.4389852    8.57834412  10.5674502
    8.87258513   9.84819752   9.21131487   8.99320733   9.55928708
    8.47916113  10.61215437]
 [ 10.52815477   8.55856771   9.56480014   8.78052962   9.46936069
    8.90855189  10.55049872   8.83398567   8.89906847   9.59838048
    8.48206053  10.63484354]
 [ 10.59646611   9.50345334  10.58964176  10.57147988  10.57416619
    9.52662558  10.27098158   8.954838     8.89418001   8.98705204
    8.50784776  10.32652435]]
Effective wind speeds: [[ 12.85409523  14.          13.99971835  13.9290553   13.99665602
   13.77767837  13.04320451  13.88685658  13.82629583  13.95393009  14.
   14.        ]
 [ 13.31905363  14.          13.99895114  14.          14.          13.28489387
   13.32481757  14.          13.8073483   13.43523982  14.          14.        ]
 [ 14.          14.          13.19838739  14.          13.7990765   14.
   14.          14.          14.          14.          14.          14.        ]
 [ 13.80398915  14.          13.80184638  13.8147176   13.37282303  14.
   13.68736192  14.          13.66042618  14.          13.8808674   14.        ]
 [ 12.85420514  14.          12.59582198  13.21082978  12.36653758  14.
   12.17885761  14.          13.41155706  14.          13.79802007  14.        ]
 [ 13.95609968  14.          13.95115039  13.95791416  13.91910213
   13.60714663  13.92373006  14.          13.29663878  14.          14.
   14.        ]
 [ 14.          14.          14.          14.          14.          13.22397333
   14.          13.98715288  12.89211309  14.          14.          14.        ]
 [ 14.          14.          14.          14.          14.          13.91452828
   14.          13.91162607  13.85140455  14.          13.78456137  14.        ]
 [ 14.          14.          14.          14.          14.          12.89018309
   14.          13.79459742  13.06575768  13.66413956  13.6567463
   13.64804802]
 [ 14.          14.          14.          14.          14.          13.41168699
   14.          12.63387779  13.34471748  13.67527159  14.          13.2839923 ]
 [ 14.          14.          14.          14.          14.          12.87672181
   14.          13.6553048   14.          14.          14.          14.        ]
 [ 13.80498654  13.81781844  13.81826546  13.79264486  13.86271273
   13.38155065  14.          13.74286058  14.          14.          14.
   13.89712814]
 [ 12.31911001  12.18440755  12.52234402  12.22563998  13.03715872
   13.39689154  14.          14.          14.          13.8929465   14.
   14.        ]
 [ 13.63962419  13.54122674  13.60292195  13.94623698  13.93329663  14.
   14.          14.          14.          14.          14.          14.        ]
 [ 14.          13.98572118  13.99943783  13.2143067   13.32236694  14.
   14.          14.          14.          14.          14.          14.        ]
 [ 13.9581366   13.98743485  14.          13.91235424  13.90954468
   13.86739258  13.99964964  14.          14.          14.          14.
   14.        ]] m/s
