
CONSTRAINT SATISFIED WITHIN LIMITS
Wind Directions: [   0.    22.5   45.    67.5   90.   112.5  135.   157.5  180.   202.5
  225.   247.5  270.   292.5  315.   337.5] degrees
AEP: 54698522.815 kWh
X-locations (initial): [ 460.  850.  320.  750.  180.  630.  100.  540.  110.  470.  100.  440.] m
X-locations (final): [ 482.17324661  518.78149488  347.85077626  499.6976339   384.45902451
  614.90080278  344.68039309  638.35439749  524.99581564  652.62498001
  565.02468168  681.62098718] m
Y-locations (initial): [  140.   320.   350.   500.   590.   770.   850.  1000.  1150.  1300.
  1430.  1570.] m
Y-locations (final): [   57.57558602   233.81359644   177.39826453   496.31820845   353.63627531
   789.27444565   587.80403426  1085.0346074    945.21383802  1355.62190391
  1512.86753432  1650.        ] m
RPM: [[  8.76370681   8.16303436   8.16143138   7.95133992   8.59713528
    7.94778361   1.76819818   7.96832954   1.78925848   7.93870252
    1.94688339   8.42838258]
 [  8.77522565   8.79936118   9.89415207   7.98669386   2.546262
    7.91590531   2.543775     7.90905684   2.05967065   7.93476569
    2.33228912   8.17617447]
 [  7.95303034   8.05968845   8.83467704   8.14511424   8.75202365
    8.12652473   2.10821827   8.03064267   2.09054042   2.32862689
    2.05959276   9.322031  ]
 [  8.89585558   7.9552115    9.921533     8.18217982   2.45096626
    7.9232132    2.72422566   7.9326215    2.27790744   7.95509745
    2.40033267   8.20568198]
 [  8.13864443   7.95140241   8.85745668   7.92800961   8.67201513
    7.87988797   1.99204815   7.87917553   1.85857808   7.90451319
    1.99173684   8.07291493]
 [  8.14652652   7.95539862   8.89322482   7.9462628    8.62701504
    7.88055061   2.16033082   7.87977475   1.98577079   7.90428639
    2.20326455   8.07884713]
 [  8.76890991   7.95440455   8.29556779   8.10168862   8.25833587
    7.90452426   2.60684948   7.92247978   2.03783277   7.95487717
    2.42133052   8.2002188 ]
 [  8.83039245   7.94655462   8.08302031   7.91408691   7.95002006
    7.93305262   1.76918597   7.92234433   7.87946654   2.02312981
    1.93958052   8.90319579]
 [  9.95030222   2.0603691   10.06626065   8.68585052   2.55175583
    8.16643446   2.59888115   8.1831172    2.15955619   8.22960224
    2.54373741   8.25911741]
 [ 10.06796355   2.59260224   9.97599072   8.21928586   8.89420912
    1.99272823   2.03928662   9.83312627   2.28485807   2.310707
    8.03561821   2.44292141]
 [  9.8163585    2.3231863    9.80304754   7.99086453   8.83580483
    8.57054245   1.78330507   1.96032489   1.79450346   2.06027746
    1.91479945   9.86256614]
 [  8.83404402   8.00732064   9.91039581   2.06438404   8.85283371
    7.95547518   2.08356488   1.98406453   7.9552801    1.909479
    1.7817228    9.69954291]
 [  9.79033081   1.85148319   8.84411266   7.92544472   8.68234402
    7.8935293    2.02014837   7.91217823   1.92711329   7.94215821
    2.07905816   8.19263314]
 [  8.1781202    7.97398874   8.88689537   7.93370116   8.60535783
    7.89070183   1.99629302   7.88501527   1.77813273   7.90646244
    1.93343631   8.08865067]
 [  8.21312622   8.1240737    8.79474729   7.94177853   8.55642025
    7.93235539   1.71792621   7.91144673   1.74862159   7.91689244
    1.77131803   8.12775459]
 [  8.24758775   8.18011992   8.83202707   7.95085292   8.1175897
    7.94256863   1.77358957   7.93645575   1.87679341   8.02834463
    1.86958244   8.24823031]]
Effective wind speeds: [[ 13.36518861  13.61336629  13.47207714  13.98604447  13.99265039
   13.35860619  14.          13.32010644  13.99038993  13.47530764  14.
   14.        ]
 [ 13.61157981  14.          13.40459881  13.53989211  13.63591695
   13.9990455   13.79719869  13.99898186  13.70580025  13.9970612
   13.76640963  14.        ]
 [ 14.          14.          13.95497701  14.          13.5350879   14.
   13.73690676  14.          13.54696311  14.          13.18692457  14.        ]
 [ 14.          14.          13.35906815  14.          13.9989704   14.
   13.9942238   14.          13.99849359  14.          13.9948866   14.        ]
 [ 14.          14.          13.90771285  14.          14.          14.
   13.9882829   14.          14.          14.          14.          14.        ]
 [ 14.          14.          13.80761486  14.          13.82279934  14.
   13.46859805  14.          14.          14.          14.          14.        ]
 [ 14.          14.          13.26084352  14.          13.46685241  14.
   13.81486673  14.          13.71095406  14.          13.73035924  14.        ]
 [ 14.          13.99855481  13.98590999  13.96047693  13.33628388  14.
   13.60919887  14.          13.61783178  14.          13.97810467  14.        ]
 [ 14.          13.18236708  14.          13.17917329  13.15578818
   13.99859836  13.13655084  13.47976788  13.32363987  13.25670039
   13.83448167  13.35121476]
 [ 14.          13.42198019  14.          12.96840123  13.43642378
   13.05456341  14.          13.85131835  13.98409561  13.98826959  14.
   13.77992904]
 [ 14.          13.91669997  14.          13.39177049  14.          13.99107187
   14.          13.98387307  14.          14.          14.          13.9808025 ]
 [ 14.          12.72058308  14.          13.99866566  14.          13.99974559
   14.          13.99847839  14.          14.          14.          13.99983229]
 [ 14.          13.86837446  14.          13.99950251  14.          14.
   14.          14.          14.          14.          14.          14.        ]
 [ 13.7438511   13.76883177  14.          13.97791411  14.          14.
   14.          14.          14.          14.          14.          14.        ]
 [ 13.25391356  13.31698135  14.          13.9939066   14.          13.98942902
   14.          14.          14.          13.99021943  14.          14.        ]
 [ 13.49639073  13.95783666  13.99890375  14.          13.99173826
   13.9850818   14.          13.99948351  14.          13.98401485  14.
   14.        ]] m/s
Max SPL: 36.5001715026 dB
SPL: [[ 36.50008136  36.48746675  36.50004635  36.0208702   32.9119946
   36.50007377  35.83232459]
 [ 36.49994568  36.49997396  36.37590217  35.89268935  33.25353935
   36.47140444  35.93161898]
 [ 36.50002142  36.47277221  36.50001233  35.9682981   32.7208462
   36.50001985  35.95757483]
 [ 36.5000178   36.50001456  36.3758247   35.74750368  32.67449783
   36.41809763  35.88727523]
 [ 36.50000497  36.50000327  36.31993112  35.82717693  32.73382859
   36.500004    35.96732723]
 [ 36.50002475  36.50002132  36.49869683  35.8708079   32.73274973
   36.50002355  35.96282573]
 [ 36.50003678  36.50007408  36.04446488  35.92343653  32.69568841
   36.46847006  35.87699163]
 [ 36.5001715   36.37830697  36.40025165  35.9563691   32.71265372
   36.50011579  36.09249723]
 [ 36.50000313  36.50000624  36.48397289  36.00617034  32.94851636
   36.5000046   35.77816176]
 [ 36.50000334  36.23030997  35.67906725  35.45674616  33.21586651
   36.50000314  36.19345015]
 [ 36.50001825  36.28754907  36.46009463  35.92965033  32.72844789
   36.50001378  36.07887152]
 [ 36.5000113   36.34343846  36.50001226  35.87457986  32.78051354
   36.50001379  36.08773641]
 [ 36.50001946  36.50001992  36.36976901  35.87299765  32.74317521
   36.5000196   35.98078118]
 [ 36.50000848  36.50000806  36.49828925  35.86999381  32.73322298
   36.5000077   35.96434416]
 [ 36.50016062  36.49024109  36.01417544  35.89295983  32.7308292
   36.50015828  35.94441144]
 [ 36.50004215  36.43956939  36.43413967  35.97172925  32.73059207
   36.50004993  36.12180033]] dB
