
CONSTRAINT SATISFIED WITHIN LIMITS
Wind Directions: [   0.    22.5   45.    67.5   90.   112.5  135.   157.5  180.   202.5
  225.   247.5  270.   292.5  315.   337.5] degrees
AEP: 26562515.0838 kWh
X-locations (initial): [ 460.  850.  320.  750.  180.  630.  100.  540.  110.  470.  100.  440.] m
X-locations (final): [ 469.31151705  755.13124328  333.09925135  607.19152987  346.6772838
  615.29368784  352.40499788  628.7509496   465.04046755  638.01311159
  681.84714585  632.19936266] m
Y-locations (initial): [  140.   320.   350.   500.   590.   770.   850.  1000.  1150.  1300.
  1430.  1570.] m
Y-locations (final): [   98.26440349   365.61897119   215.93436003   468.15600123   395.42151023
   806.06969183   575.33035797   985.56593874   910.74028672  1240.64551228
  1463.32830726  1636.3459319 ] m
RPM: [[ 8.78684427  1.98437197  7.89848012  1.79739894  1.71596942  1.64198295
   1.59103029  7.71001422  1.4866162   7.77717795  1.57066499  5.87190986]
 [ 7.89362412  1.57314119  8.86954009  7.91754112  2.38049988  1.98163843
   2.36155702  2.06309058  2.35274421  2.27519581  2.07106807  8.1203007 ]
 [ 8.60928778  1.75147201  8.20228072  2.00162783  2.2598848   7.95456955
   1.93727855  2.07459476  1.98784908  1.91954511  2.01798145  7.93653817]
 [ 8.55100769  1.67119565  8.18673623  1.7850943   2.23974059  7.93924352
   2.07230215  2.02456409  2.04151504  2.04919387  2.03119238  7.95239833]
 [ 7.85529059  1.48078836  8.10180978  6.11037385  2.07273661  7.89248705
   2.26177173  1.94043948  2.10005625  2.00502617  1.93139055  7.91345551]
 [ 7.82705823  1.42152659  7.96951638  1.66325158  2.25132708  7.95504267
   2.34015269  8.25388603  2.52470505  2.78237483  2.90988335  3.54847532]
 [ 8.74416359  1.78213911  7.97990881  1.90247212  1.79695063  7.90982145
   1.73580912  1.89425611  1.7430181   1.95391245  2.0737234   8.14381122]
 [ 8.52831525  1.61967853  8.20533595  1.7743197   2.01946732  7.94784079
   2.2913515   2.04967152  2.27333798  2.10481455  2.28203817  7.95810953]
 [ 8.59668394  1.69662245  9.81223373  1.78589135  1.97253538  1.77045319
   1.89011762  1.75513305  1.75845251  1.74474864  5.93781588  7.71004382]
 [ 7.91861018  1.63730911  7.85945073  7.79564796  1.65744398  1.50747121
   1.58805586  1.48510836  7.67702228  1.43349488  7.60397539  1.47723867]
 [ 8.71438214  2.14357188  7.85734622  1.84391971  1.64594998  7.7795549
   1.53048527  5.86350459  1.43170219  1.52951366  1.57073474  7.66553018]
 [ 8.57343412  1.71664095  8.18959058  1.80472007  2.09631489  7.93860854
   2.04312373  2.00470441  2.01219116  2.03730918  2.03513074  7.95455222]
 [ 7.92382723  1.48736753  8.14485722  5.90285247  2.0178546   5.83922193
   1.93247107  7.65296767  1.68784414  1.51720691  1.50434647  7.22323026]
 [ 8.14231143  2.01566827  8.88422307  1.80426099  2.03353807  7.90957252
   1.88989215  1.77434684  1.74605215  1.6966515   1.62958835  7.68435938]
 [ 8.28803981  2.45071501  8.66353732  2.25410876  1.76030018  7.89891862
   1.64782255  1.75540741  1.61838028  1.72351256  1.77665436  7.85944128]
 [ 6.50554444  1.29432626  7.88786823  7.67034295  1.9817257   7.82409765
   1.74628898  1.73644201  2.03701855  1.96532442  7.95847499  2.54839952]]
Effective wind speeds: [[ 13.99373494  13.99893295  13.97315357  13.586087    13.97900742
   13.23899019  13.99998024  13.45015275  14.          13.8747475
   13.95829386  14.        ]
 [ 13.65090455  14.          13.98698788  14.          13.98899399
   13.9959895   13.9806238   13.99994203  13.97916511  13.99284706  14.
   14.        ]
 [ 13.98405194  14.          13.98091509  14.          13.99925993  14.
   13.55426744  14.          13.99357149  14.          14.          14.        ]
 [ 14.          14.          13.98697983  14.          13.98496102  14.
   14.          14.          13.9758835   14.          14.          14.        ]
 [ 14.          14.          14.          13.99998059  13.98669059  14.
   13.99967865  14.          13.99928892  14.          14.          14.        ]
 [ 14.          14.          13.81078125  13.98894525  14.          14.
   13.97996603  14.          13.62486567  14.          14.          14.        ]
 [ 14.          14.          13.31105751  13.98931786  14.          14.
   14.          14.          13.71572338  14.          14.          13.99905435]
 [ 14.          14.          13.99224085  14.          13.36701256
   13.99087039  13.91087201  13.95760884  13.98948847  13.99996281  14.
   13.97188961]
 [ 14.          14.          14.          14.          12.75909685
   13.98202752  13.11037115  13.9735144   13.72786218  13.97383654
   13.98637209  13.95189934]
 [ 14.          14.          14.          13.65073788  13.90988018
   13.77191381  13.99812616  13.84023703  13.99050466  13.68663011
   13.75442598  13.99993207]
 [ 14.          13.39510756  14.          13.5600801   14.          13.98622994
   14.          13.99572974  14.          14.          14.          14.        ]
 [ 14.          13.57688881  14.          13.98202395  14.          14.
   14.          13.97604789  14.          14.          14.          14.        ]
 [ 14.          13.98473331  14.          13.99909715  14.          13.99999193
   14.          13.99942258  14.          14.          14.          14.        ]
 [ 13.71047338  13.98197405  14.          13.97884591  14.          13.98660719
   14.          14.          14.          14.          14.          14.        ]
 [ 13.33118506  13.98612389  14.          14.          14.          13.99047444
   14.          14.          14.          14.          13.97902673  14.        ]
 [ 13.97854288  13.73805933  13.99827486  13.98791512  13.99732137
   13.99849439  14.          13.99996463  14.          14.          13.96813329
   14.        ]] m/s
Max SPL: 33.5000029746 dB
SPL: [[ 33.50000005  33.50000005  33.330016    32.94661565  30.10552592
   33.50000005  32.80711823]
 [ 33.50000005  33.32910792  33.50000009  33.1975103   29.97186422
   33.48813019  33.15838853]
 [ 33.50000002  33.43254914  33.50000001  33.14386459  29.77198121
   33.50000003  33.02339905]
 [ 33.50000016  33.41977874  33.50000009  32.8734867   29.7571886
   33.50000016  32.99862959]
 [ 33.50000014  33.47594214  33.50000009  33.13791324  29.72720235
   33.50000015  32.92175294]
 [ 33.50000048  33.45368096  32.70641416  32.19902015  29.62408166
   33.41382721  32.88859274]
 [ 33.50000254  33.43102983  33.17158065  33.30596699  29.74512153
   33.50000207  32.93125419]
 [ 33.49999977  33.30898056  33.49999957  33.19931824  29.75790521
   33.49999965  32.95092025]
 [ 33.50000002  33.16668782  33.50000001  33.18250457  29.90748103
   33.50000002  33.07562337]
 [ 33.50000001  33.50000001  33.09770061  32.69588044  29.92084898
   33.50000001  33.08601951]
 [ 33.4985732   33.50000003  33.45206896  33.08157417  29.75509444
   33.50000003  32.97302339]
 [ 33.50000008  33.41797435  33.50000004  32.87372968  29.75821286
   33.50000006  33.00105256]
 [ 33.50000004  33.50000005  33.3221771   32.94309933  29.7211489
   33.50000004  32.93010649]
 [ 33.50000001  33.32571139  33.50000004  32.99639544  29.77300443
   33.50000001  33.09478117]
 [ 33.50000001  33.34299113  32.98158944  33.09916414  29.76435476  33.5
   33.03919709]
 [ 33.50000297  33.50000273  33.27513722  32.76971954  29.62461773
   33.4177698   32.72190417]] dB
