
CONSTRAINT SATISFIED WITHIN LIMITS
Wind Directions: [   0.    22.5   45.    67.5   90.   112.5  135.   157.5  180.   202.5
  225.   247.5  270.   292.5  315.   337.5] degrees
AEP: 95902623.1534 kWh
X-locations (initial): [ 460.  850.  320.  750.  180.  630.  100.  540.  110.  470.  100.  440.] m
X-locations (final): [ 536.06470957  648.67578129  409.25460913  479.49251503  292.14604727
  641.26155509  400.38804184  565.66057606  461.97553065  738.48677931
  657.51415551  643.46430941] m
Y-locations (initial): [  140.   320.   350.   500.   590.   770.   850.  1000.  1150.  1300.
  1430.  1570.] m
Y-locations (final): [    0.           436.46558265   127.74664094   497.92338494   264.44187276
   820.66664968   659.60985704   984.06940672   836.93201168  1497.12510869
  1336.36617318  1650.        ] m
RPM: [[  9.93065925   9.77646511   9.99728169   9.869442    10.11329436
    7.96099479   2.43824231   8.18974027   9.4069164    8.08502298
    8.01457935   9.92748045]
 [  9.9306612    9.85387553   9.9556608    9.83421869   9.93441615
    8.6638091    8.19923577   8.20605134   7.97216031   8.97912847
    2.01909352   9.90049779]
 [  9.84956764   9.78373763   9.87011909   9.81284418   8.9380482
    9.7771213    7.97752735   8.02597353   7.95125476   7.99156983
    7.94568596   8.77448924]
 [  9.97986394   8.13635895  10.00345579   9.87655261   9.96071247
    9.78844139   8.2041823    8.0277897    8.12442977   9.77192451
    1.98108608   8.75444816]
 [ 10.02110186   8.26017231   9.97794084   9.83521096   9.03325949
    9.84866583   8.0242967    9.7894431    7.96758294   8.89031133
    2.07618793   8.88075213]
 [ 10.003071     8.16265839   9.98799933   9.84718398   9.96115813
    9.80438031   8.17563661   8.01379482   8.07738562   9.79666131
    2.03529682   8.83156133]
 [  9.91531109   9.80275534   8.81239492   9.00767726   8.9038715
    9.79335236   8.86412133   9.82318178   8.25809445   8.71571341
    2.05407274   8.9124645 ]
 [  9.89292843   8.6075802    9.92125231   9.86882762   9.01076084
    9.81506753   7.99728518   7.98447217   7.98408191   9.82827354
    8.1031485    8.21202243]
 [ 10.02230115   9.02890001   9.98830898   9.8946343    9.98041162
    8.20504949   9.839654     8.74465438   2.03603693   9.78615989
    1.97228212   9.74314423]
 [  9.93286174   9.79818976   9.96564898   9.88593016   9.96649682
    8.02195106   9.91492024   8.03508252   2.05562921   8.0029495
    8.21637974   9.92564921]
 [  9.95417446   9.89437622   9.9522873    8.25196089   9.97018512
    9.80759889   8.13349333   8.13866765   8.12861071   9.40064054
    2.13709404   8.9755177 ]
 [ 10.1301247    8.95402362  10.08122687   9.88934319   9.95462428
    8.13651535   8.10820499   7.93953358   7.93964025   9.78677334
    1.81213987   9.79564396]
 [ 10.02671664   8.88126183   9.9672014    9.82132512   9.88714481
    8.60396096   9.77229461   7.92577006   1.97874342   9.81169104
    2.00611984   9.81651654]
 [ 10.02339093   8.16118174   9.98715187   9.88082029   9.92618448
    9.79836581   8.03089285   8.52763485   7.93565759   9.79353954
    1.9603995    8.60472493]
 [  9.88336455   9.79485238   8.24329703   9.84811458   9.95842769
    9.77362444   8.82186701   7.95333917   8.14089168   9.76413516
    1.94980408   8.60871747]
 [  9.85612705   9.79548328   9.87252162   8.59809982   8.88259335
    9.80237324   8.08587383   7.95245413   7.94118      8.23590199
    8.19074208   9.88214545]]
Effective wind speeds: [[ 13.76174637  13.42128904  13.67339113  13.382207    13.99989927
   13.3929464   13.72746752  13.88803532  13.99956942  14.          13.19128874
   14.        ]
 [ 13.90888989  14.          13.89747758  13.44385256  13.73074996  14.
   13.19046352  13.76615706  13.42417479  14.          13.04297786  14.        ]
 [ 14.          14.          13.78486009  14.          13.52363189  14.
   13.63345691  14.          13.68355993  14.          13.90608236  14.        ]
 [ 14.          14.          14.          14.          13.68400755  14.
   13.84273073  14.          13.93617625  14.          14.          14.        ]
 [ 14.          14.          14.          13.81831551  14.          14.
   14.          14.          12.78438672  14.          14.          14.        ]
 [ 14.          14.          13.7905887   13.3899698   13.91271732  14.
   13.99920539  14.          13.78681379  14.          14.          13.99968871]
 [ 14.          14.          12.73185243  13.97327078  12.47935334  14.
   13.25001865  13.70133757  14.          14.          14.          13.51431253]
 [ 14.          14.          13.92816659  14.          13.80576737  14.
   12.96855235  12.9025794   13.61273332  14.          14.          13.37222715]
 [ 14.          13.99717596  14.          13.7630063   14.          13.37938455
   13.35324204  13.666486    13.12148398  13.94932159  13.46184581
   13.6695884 ]
 [ 14.          13.90647168  14.          13.91863065  14.          13.14674143
   13.80166276  13.10286652  12.91584737  13.09600983  13.57729865  14.        ]
 [ 14.          13.77432596  14.          13.50199758  14.          13.79406284
   14.          13.66894617  13.99464004  13.99587073  14.          14.        ]
 [ 14.          13.40929658  14.          14.          14.          13.90686047
   14.          14.          14.          14.          14.          14.        ]
 [ 14.          13.6893167   14.          14.          14.          13.97459718
   14.          14.          14.          14.          14.          14.        ]
 [ 13.78808917  12.89528638  13.91768701  14.          14.          13.89088511
   14.          14.          14.          13.99978991  14.          14.        ]
 [ 12.63290407  13.49165508  12.71027524  13.7389513   14.          13.84544474
   14.          14.          14.          13.53324357  14.          14.        ]
 [ 13.92657788  13.70525212  13.86196284  13.44672196  14.          13.43584647
   14.          14.          14.          13.36253937  13.99738551  14.        ]] m/s
Max SPL: 39.0003235504 dB
SPL: [[ 39.00000051  39.00000097  38.9543887   38.52573141  35.38197901
   39.00000076  38.34218732]
 [ 39.00001055  39.00000408  38.9066636   38.44819445  35.31539358
   39.00000364  38.4379043 ]
 [ 39.00000741  39.0000066   38.66846781  38.19254454  35.14292483
   39.00000738  38.31835592]
 [ 39.00000044  39.00000064  38.7940726   38.10162791  35.2039337
   39.00000062  38.41571091]
 [ 38.99874665  39.0000258   38.71482045  38.22701742  35.17467142
   38.99774953  38.34572424]
 [ 39.00000061  39.00000096  38.93422139  38.31668424  35.1989564
   39.00000089  38.40467088]
 [ 39.00000015  39.00000034  38.48573369  38.26999962  35.1463929
   39.00000029  38.25904252]
 [ 39.0000156   39.00001507  38.91764025  38.39916511  35.18069325
   39.00001356  38.27258609]
 [ 39.00000003  38.98964087  39.00000023  38.51719596  35.24948971
   39.00000015  38.40125883]
 [ 39.00032355  39.00023672  38.90928712  38.48290996  35.35879417
   39.00022947  38.49478647]
 [ 39.00023168  39.00027225  38.77289506  38.25183482  35.16165697
   39.0002238   38.36613324]
 [ 38.99998424  38.9999653   38.98021692  38.27993537  35.21197455
   38.99997345  38.40811842]
 [ 39.00000455  39.00000534  38.96990099  38.44397556  35.21064936
   39.00000571  38.41306437]
 [ 39.00000105  39.00000161  38.89978719  38.28238072  35.19725546
   39.00000144  38.40419157]
 [ 38.99997285  38.99993705  38.5515584   38.28335794  35.17110288
   38.99994545  38.33112149]
 [ 39.00000012  38.98964277  39.0000003   38.55546399  35.17124871
   39.00000025  38.22927972]] dB
