
CONSTRAINED EXCEEDED!
Wind Directions: [   0.    22.5   45.    67.5   90.   112.5  135.   157.5  180.   202.5
  225.   247.5  270.   292.5  315.   337.5] degrees
AEP: 63407461.0417 kWh
X-locations (initial): [ 460.  850.  320.  750.  180.  630.  100.  540.  110.  470.  100.  440.] m
X-locations (final): [ 543.48846499  908.66128184  436.87032139  695.80277024  387.58432935
  694.14303097  198.17073047  612.31176049  123.15804974  496.95034412
  174.49236726  467.35747155] m
Y-locations (initial): [  140.   320.   350.   500.   590.   770.   850.  1000.  1150.  1300.
  1430.  1570.] m
Y-locations (final): [   71.63811284   430.59955939   230.54720357   503.27615633   423.08205513
   757.9446529    842.64672965  1069.9027437   1104.90194779  1451.33093199
  1332.02230633  1641.0967255 ] m
RPM: [[  7.86606843   8.12392119   9.04750324   8.91857665   6.90333459
    8.53899605   3.79193096   8.73194329   4.61363305   8.62584266
    4.75738494   9.29396939]
 [  9.27791423   8.54085943   8.92164405   8.44163705   5.65700511
    8.10566717   5.48325392   8.77870753   5.31974219   8.27701581
    5.17622612   8.26475141]
 [  8.99987858   7.37580102   9.09128769   8.5859345    7.47266078
    9.18063585   4.95890009   9.10275901   5.31670677   6.67599109
    3.96284009   9.02174047]
 [  9.06368488   7.77811422   8.36968982   8.29600495   7.36283278
    9.25771434   5.08837623   8.96690021   4.59539677   8.69334513
    4.22235517   8.46656078]
 [  9.55562962   7.64564274   7.58822968   8.54766374   7.41469634
    8.85023138   5.58808837   8.63410532   5.00928976   8.39350505
    4.16774957   8.3478432 ]
 [  8.75745229   7.44082264   8.95841348   7.9701054    7.49009561
    8.85986744   5.51032548   8.65052635   4.23207171   8.53929145
    4.26441986   8.60582942]
 [  9.06230321   7.56711399   8.50398338   8.1052836    7.51801449
    8.90769132   5.86519013   8.85806026   4.23198601   8.70843292
    4.11944458   8.64084592]
 [ 10.23938954   8.02252875   9.21955133   7.49910224   8.43445581
    7.49695103   6.75856445   6.68067591   7.16710412   6.61999586
    5.66845066   6.53178426]
 [  8.94505197   6.8334291    9.1077894    8.84893947   8.43323097
    9.74118463   5.09030668   8.35356872   3.90001777   7.53755311
    3.18550626   9.30531929]
 [  9.81969319   7.73118835   8.90289072   8.71233591   7.56183274
    8.15699618   6.29351119  10.47220565   3.45179177   4.21453717
    7.87839717   3.85663193]
 [  8.79111586   7.65940094   9.26509511   9.38108009   8.8441928
    8.60990422   5.33122499   6.81373914   5.27355158   3.7446547
    3.75375197  10.94343379]
 [ 10.36765633   7.94408905   9.15685595   5.95496228   9.9968323
    6.8453305    7.37947674   6.62240403   6.70053926   7.22537009
    4.33989026   5.64268634]
 [  9.39799075   6.48018853   8.60006697   8.45591258   8.29976418
    8.87471881   5.10795173   8.98965427   4.17615674   7.95950129
    3.53141915   7.98184431]
 [  9.48115067   6.84079302   9.31656189   8.30537203   8.13183112
    9.14952263   5.77133827   7.63784965   4.49380355   7.99292503
    4.18048074   8.92132555]
 [  8.82577635   7.69051434   8.43420239   8.32112297   8.04535801
    8.99253961   5.99543844   8.11162568   4.50293046   8.65441501
    4.24738191   8.44832297]
 [  9.70119139   8.28847613   9.36554345   8.21170907   7.69868198
    7.66043472   6.92688758   6.77666814   5.64661323   6.23518797
    5.84289747   7.44614989]]
Effective wind speeds: [[ 13.872015    14.          13.79364367  13.30397957  13.92736313
   13.99088991  13.96375064  14.          13.96478474  13.4798942   14.
   14.        ]
 [ 13.68831192  14.          13.72741759  14.          13.83607214  14.
   13.76964699  14.          13.96087296  14.          14.          14.        ]
 [ 13.72848177  14.          13.48552237  14.          13.542512    14.
   14.          14.          13.81625432  14.          13.45928231  14.        ]
 [ 14.          14.          13.6813799   14.          13.66632364  14.
   13.86563176  14.          14.          14.          13.34591547  14.        ]
 [ 14.          14.          14.          13.92667576  13.7150584   14.
   13.94673755  14.          13.61080991  14.          14.          14.        ]
 [ 14.          14.          13.99982233  13.64148559  14.          14.
   13.99489575  14.          13.98522675  14.          13.90791708  14.        ]
 [ 14.          14.          13.38984617  14.          13.99803143
   13.9564671   13.99976219  14.          13.78133491  14.          13.72063065
   14.        ]
 [ 14.          14.          13.48873004  14.          12.76465492
   13.97677145  13.20266892  13.71322617  13.37740325  13.7788558
   13.99678394  13.81645841]
 [ 14.          14.          14.          14.          13.78637419
   13.22137822  14.          13.89990878  13.99702628  13.85747135
   13.95004266  13.68889805]
 [ 14.          14.          14.          13.50489902  14.          13.62867078
   14.          13.90184842  14.          13.92168172  13.98353827
   13.97855663]
 [ 14.          13.50049762  14.          13.34710834  14.          13.59255297
   14.          14.          14.          13.92796139  14.          13.96799405]
 [ 14.          13.45227375  14.          13.40925204  14.          14.
   14.          13.9312403   14.          13.94372073  14.          14.        ]
 [ 14.          13.60600259  14.          13.98999865  14.          13.99326638
   14.          13.96822465  14.          14.          14.          14.        ]
 [ 13.99978489  13.47023268  14.          13.9997603   14.          13.99870222
   14.          13.99251426  14.          14.          14.          14.        ]
 [ 13.51492287  13.92138004  13.99858601  13.97415183  14.          13.97891249
   14.          14.          14.          14.          14.          14.        ]
 [ 13.41619999  13.87454685  13.50760764  13.99266486  13.7935804
   13.83560303  13.88989128  13.87126804  14.          13.75772645  14.
   14.        ]] m/s
Max SPL: 37.9372426939 dB
SPL: [[ 37.45160866  37.45922779  37.27542252  37.52339398  33.56017108
   37.56126233  36.17013674]
 [ 37.43302133  37.35779138  36.88593079  37.06139705  33.71117041
   37.51185361  36.28873131]
 [ 37.55123473  37.47589754  36.99962797  37.15331937  33.5755228
   37.57720399  36.45964665]
 [ 37.57781945  37.55246242  37.14593253  36.81694405  33.58662956
   37.681793    36.3964969 ]
 [ 37.47209467  37.34858357  36.90325744  37.0114487   33.43966082
   37.54060764  36.27564127]
 [ 37.36627537  37.31669992  37.32756706  37.1776236   33.46389404
   37.56828894  36.30044299]
 [ 37.47535547  37.40860776  36.81334894  37.30964634  33.56222279
   37.6720457   36.35721769]
 [ 37.43751288  36.65279803  35.87443091  36.10550869  33.33553756
   37.44222745  36.54333484]
 [ 37.70805748  37.55572596  37.18837797  37.38042949  33.7255448
   37.6799538   36.51270775]
 [ 37.61489212  37.35433835  36.32995766  36.33874611  33.86702267
   37.63661391  36.61658581]
 [ 37.74965236  37.61414194  37.47879351  37.86906566  33.91667457
   37.93724269  36.78321354]
 [ 37.47530916  36.69522029  35.81849477  35.74491708  33.4584283
   37.50914243  36.70024046]
 [ 37.4228379   37.24377995  36.69446821  36.74559499  33.40829126
   37.43440255  36.35836743]
 [ 37.59199614  37.35443074  37.3667268   37.18740179  33.63347364
   37.68483145  36.57430422]
 [ 37.4414697   37.30398065  36.65910935  37.15649972  33.49982148
   37.60744068  36.33192502]
 [ 37.42302513  36.70889355  35.97551295  36.19807125  33.21586143
   37.27649162  36.39254218]] dB
