
CONSTRAINT SATISFIED WITHIN LIMITS
Wind Directions: [   0.    22.5   45.    67.5   90.   112.5  135.   157.5  180.   202.5
  225.   247.5  270.   292.5  315.   337.5] degrees
AEP: 105640520.066 kWh
X-locations (initial): [ 460.  850.  320.  750.  180.  630.  100.  540.  110.  470.  100.  440.] m
X-locations (final): [ 502.16108619  712.86218737  388.59498348  557.99039477  279.3427602
  637.44412233  356.18178223  587.47425677  462.70182724  761.43041197
  643.80500866  586.1609151 ] m
Y-locations (initial): [  140.   320.   350.   500.   590.   770.   850.  1000.  1150.  1300.
  1430.  1570.] m
Y-locations (final): [    9.90097682   378.78174923   149.55319634   470.51398658   292.60549302
   816.54998622   604.10011293   989.47489193   859.73726635  1608.9805193
  1363.01502143  1650.        ] m
RPM: [[ 10.15513071   9.8988167   10.16197672   9.91462031  10.15598192
    9.8293358    2.75798357   8.16500018   9.9174587    8.5897754
    8.18781917   9.91550064]
 [ 10.0808619    9.8200065   10.03230671   9.88664879  10.10361146
    9.79905533   8.99242859   8.65163748   8.79411766   8.605553
    7.9877612    8.92471841]
 [ 10.01794132  10.0140045   10.00284047   9.94065534   9.97236797
    9.84503142   8.0939849    9.80200546   7.95936596   8.60632941
    7.93349813   8.53666932]
 [ 10.01718623   9.39242841   9.97556902   9.88545181   9.89797362
    9.8437989    8.70550594   9.80990945   7.95393335   9.13817215
    2.23664866   9.86993761]
 [ 10.0294414    9.33032154   9.9877255    9.87467027   9.92530426
    9.81152425   8.73272012   9.79608944   7.9857655    9.28916121
    2.16561827   9.81679534]
 [ 10.12536245   9.90823843  10.10903371   8.28058296  10.08061
    9.81663374   8.93204887   9.79206054   8.08302404   8.55410312
    8.54692564   8.62836009]
 [  9.76786626   9.68675002   9.79912325   9.76817085   9.87178449
    9.74316811   8.8743307    9.77596114   8.72548043   9.79485166
    2.35271385   8.98958934]
 [  9.89450372   9.71288015   9.9599633    9.83840245  10.09932797
    9.80949042   8.72986329   7.98874475   8.29650046   9.74159879
    7.95004061   8.9637375 ]
 [  9.93337271   9.78505326   9.97940104   9.85944573  10.00323408
    9.86809757   8.98863293   8.22722651   8.9608688    9.78473879
    2.08066874   9.81065133]
 [ 10.14668908   9.90383367  10.11815252   9.91570798  10.11629394
    9.84591452   9.98184323   8.75794835   2.12372952   8.03233759
    8.79355298   9.90062067]
 [ 10.0905739   10.09759306  10.09559147  10.00312954  10.07593854
    9.88764217   8.21858947   8.15401962   8.19201198   9.90026809
    2.27135941   9.81659609]
 [  9.99650118   9.8856486    9.97519877   9.89175964   9.91322737
    8.96092148   9.81272544   8.21603191   8.12356288   9.9336303
    2.34640212   9.86007945]
 [  9.99591106   9.40808964   9.96264454   9.89491396   9.89587248
    9.85529985   8.59875962   9.8460005    7.95658325   9.21798843
    2.34643157   9.90838355]
 [ 10.19309475   9.07371848  10.12315107   9.94805367  10.0000267
    9.85149274   8.19039939   9.80917907   8.06971383   8.68706061
    8.123091     8.80962359]
 [  9.96765587   9.89428921   9.88041416   9.88781185   9.86951381
    9.81455727   8.76266774   8.63091245   8.57529735   9.85145961
    2.06155379   9.81434886]
 [  9.9376865    9.82952954   9.92543198   9.84630389   9.90860449
    9.82687923   8.16419099   8.68945664   8.12165189   8.85609758
    8.19369082   9.8154053 ]]
Effective wind speeds: [[ 13.57106023  13.86801184  13.87141348  13.51971312  13.99614593
   13.55813516  13.99791135  13.41763736  13.99675668  14.          13.84766954
   14.        ]
 [ 13.62968095  14.          13.19544081  13.87309164  13.58554732  14.
   13.11977749  13.97690835  13.58491382  14.          13.28423967  14.        ]
 [ 14.          14.          13.77486208  14.          13.81620517  14.
   13.52880284  14.          12.83582994  14.          13.99875098  14.        ]
 [ 14.          14.          13.99551705  14.          13.84492232  14.
   13.9961293   14.          13.95377911  14.          14.          13.99976863]
 [ 14.          14.          14.          13.98088894  13.9932356   14.
   14.          14.          13.35446898  14.          14.          13.41019391]
 [ 14.          14.          13.94325169  12.94187909  13.96974628  14.
   13.54055813  14.          13.32619919  14.          14.          13.58663342]
 [ 14.          14.          12.84651955  13.67048697  12.55265637  14.
   13.71837913  13.95677804  14.          14.          14.          14.        ]
 [ 14.          14.          13.75319161  14.          13.65240241
   13.97930025  13.95485102  12.85505064  13.654206    14.          14.
   13.81110753]
 [ 14.          14.          14.          13.66111057  14.          13.88253014
   13.56939147  13.2793424   13.7615076   13.81879184  13.27316559
   13.53119742]
 [ 14.          13.59456654  14.          13.24216392  14.          13.59813722
   13.73442077  13.45878501  12.82678793  13.11653407  13.65835321  14.        ]
 [ 14.          13.76978343  14.          13.80921609  14.          13.73095637
   14.          13.33442675  14.          13.99995422  14.          14.        ]
 [ 14.          13.93463804  14.          13.8541776   14.          13.99616353
   14.          13.97438019  14.          13.99971116  14.          14.        ]
 [ 14.          13.97599202  14.          14.          14.          13.66720684
   14.          14.          14.          13.28959318  14.          14.        ]
 [ 13.94296315  12.85630047  13.97095864  13.68169099  14.          13.63567189
   14.          14.          14.          13.54564024  14.          14.        ]
 [ 12.41442193  13.6373165   12.91933821  13.80992988  14.          13.97008124
   14.          14.          14.          14.          14.          14.        ]
 [ 13.73318017  13.88588459  13.67372408  13.84327298  14.          13.20869161
   14.          14.          14.          14.          13.63212881  14.        ]] m/s
Max SPL: 39.5001678395 dB
SPL: [[ 39.50012628  39.50009985  39.49224334  39.10219747  35.75825241
   39.50009557  38.89833047]
 [ 39.50011384  39.50008291  39.30116796  38.88872699  35.88754094
   39.50006208  38.91295575]
 [ 39.5000079   39.50000975  39.22012591  38.74490784  35.6338099
   39.50000969  38.81429861]
 [ 39.50005443  39.50005628  39.41191613  38.68952781  35.67680825
   39.5000702   38.83409025]
 [ 39.50001095  39.50001012  39.41295022  38.95231395  35.6747919
   39.50001012  38.83441657]
 [ 39.5000976   39.50011629  39.38985874  38.851942    35.66697764
   39.50010438  38.83459383]
 [ 39.500017    39.50001227  39.23908857  38.93946381  35.66320425
   39.50001043  38.80042422]
 [ 39.50011012  39.5000875   39.48369102  39.00769873  35.66314652
   39.47618753  38.77873314]
 [ 39.50001782  39.49144738  39.50002276  39.05687597  35.69366648
   39.50001315  38.95981138]
 [ 39.50005638  39.5001051   39.38198761  39.02500455  35.90457501
   39.50007475  38.92882062]
 [ 39.5000229   39.50004926  39.49404482  38.98317959  35.64590634
   39.50004905  38.81948293]
 [ 39.49994438  39.47267916  39.49997215  38.75189332  35.68738679
   39.49993483  38.86683704]
 [ 39.50011415  39.50010698  39.41098374  38.96462717  35.67210123
   39.5001493   38.82495173]
 [ 39.50010024  39.50016784  39.49148208  38.87489124  35.67323064
   39.50013807  38.84090227]
 [ 39.50002271  39.50001522  39.34114074  39.07433999  35.66998783
   39.50001463  38.79833758]
 [ 39.50003153  39.49923896  39.50005504  39.10285445  35.67103249
   39.50003629  38.75959883]] dB
