
CONSTRAINT SATISFIED WITHIN LIMITS
APP: 26815.4947721 kW
Max SPL: 38.000485623 dB
SPL: [[ 36.22994407  35.561553    37.44111448  38.00000009  31.10650514
   36.28459096  32.74879   ]
 [ 32.90628212  37.60693938  38.00000001  37.73440599  29.49930822
   34.55448128  36.64238321]
 [ 35.54619453  37.99999999  37.70318393  36.20745247  33.73799884
   35.95058418  37.88729758]
 [ 37.55322051  38.00025124  36.87445692  31.10687302  34.87721981
   37.77969127  38.00048562]
 [ 38.00004118  37.46395552  34.94228284  31.67021052  34.94272241
   38.00004169  37.69616941]
 [ 38.0000126   36.53433046  30.62856738  35.49129559  34.67278687
   38.00002628  36.75027218]
 [ 38.0000007   34.55061672  31.83352468  36.81068254  34.38733667
   38.0000009   35.51577649]
 [ 38.00000087  33.01598212  35.91399367  37.76306771  34.10440062
   38.00000174  34.30357814]
 [ 36.10935459  35.56997932  37.46584807  38.00000189  31.59975587
   36.54215167  33.12548856]
 [ 32.23985102  37.60906533  38.00000004  37.74628164  30.03027614
   34.95832716  36.79840902]
 [ 35.43384619  38.00001009  37.69870256  36.24284159  33.80618117
   36.04006094  37.9006218 ]
 [ 37.53307216  38.00000032  36.88243864  31.67293835  34.87823665
   37.79708753  38.00000041]
 [ 38.00000025  37.46542768  34.98284977  32.06719848  34.96658582
   38.00000025  37.7467917 ]
 [ 38.00000053  36.53048027  31.18092341  35.4746652   34.67487179
   38.00000056  36.78184825]
 [ 37.99998989  34.68334042  32.16684866  36.7834079   34.41570012
   37.99998768  35.56596169]
 [ 37.93759371  33.63759514  36.03030648  37.98710539  34.0595822
   37.99999997  34.017962  ]] dB

Wind Directions: [   0.    22.5   45.    67.5   90.   112.5  135.   157.5  180.   202.5
  225.   247.5  270.   292.5  315.   337.5] degrees
X-locations (initial): [ 460.  850.  320.  750.  180.  630.  100.  540.  110.  470.  100.  440.] m
X-locations (final): [ 590.24295659  955.60677306  406.02525929  780.26790703  228.8551276
  711.10290164    0.          652.15532618  321.6734102   529.0634195
   95.85808155  474.78435813] m
Y-locations (initial): [  140.   320.   350.   500.   590.   770.   850.  1000.  1150.  1300.
  1430.  1570.] m
Y-locations (final): [    0.           197.77331947   155.12129739   238.47076493   305.76306291
   588.37239258   429.73334932   936.23538157   877.28840655  1173.69000922
  1277.82241722  1524.7027548 ] m
RPM: [[ 13.91580661  14.07276572  13.9452426   13.98821838  13.9466641
   13.82698256  13.90958834  13.74778336  13.77880165  13.54883945
   13.52537487  13.40692054]
 [ 14.05224274  14.03293585  14.04881257  14.01485774  13.98173664
   13.9178707   13.879199    13.79639479  13.82183969  13.7112645
   13.85485782  13.53111438]
 [ 13.4426195   13.56731512  13.80578933  13.51031412  13.83785506
   13.56522731  13.88099171  13.55488868  13.72564272  13.64764556
   13.85440111  13.78228709]
 [ 13.46493726  13.48936587  13.46163659  13.51033169  13.44844525
   13.47901604  13.44050907  13.43658216  13.44830339  13.49899526
   13.54412294  13.56125418]
 [ 13.57637256  12.96355026  13.48675358  11.92967468  13.48358883
   13.55777289  13.53763736  13.54331022  13.43956382  13.52975112
   11.0804102   13.52732385]
 [ 13.52521221  12.29595997  13.46839097  12.26931091  13.40296777
   13.53206845  11.32080142  13.5557537   13.41397934  13.53917921
   11.42556525  13.57009809]
 [ 13.42066276  13.14953081  11.41214931  13.43511263  11.58842854
   13.41222093  13.45281632  13.50222245  13.37791765  13.48805144
   12.27544488  13.62543705]
 [ 13.88191474  13.75511203  13.85858627  13.85239965  13.78593517
   13.72890012  13.67398654  13.35594423  13.71302885  12.39845306
   13.47821025  13.80554513]
 [ 14.06617822  14.09294836  14.04388417  14.04853895  13.99036775
   13.88703641  13.94876236  13.65460825  13.78227644  13.62227836
   13.53449421  13.01260395]
 [ 14.09695128  14.02483933  14.07680387  13.96299733  14.05560568
   13.90847854  14.0341964   13.77342125  13.87227149  13.61491163
   13.84773886  13.45846376]
 [ 13.69658741  13.56072931  13.80439384  13.37442702  13.83278537
   13.55669975  13.88526285  13.54414123  13.74484209  13.60236411
   13.86427405  13.77248893]
 [ 13.54470991  13.45310991  13.4829742   13.47001751  13.44434465
   13.50425062  13.38552447  13.44910311  13.43813879  13.52695846
   13.50561823  13.58745122]
 [ 13.62972241  11.88471     13.61822983  13.41043803  13.54109191
   13.57096523  13.50937215  13.46720439  13.4346027   13.44269691
   11.01337745  13.44447281]
 [ 13.47776258  11.93164318  13.46856114  13.44060244  11.58231629
   13.53089846  12.4955773   13.53471642  13.43740611  13.49294243
   11.28757802  13.53258665]
 [ 12.22701932  13.39883671  11.49335922  13.56640721  12.665361
   13.48539162  13.43399209  13.51839541  13.40607998  13.52340963
   11.81372529  13.60169077]
 [ 13.82641845  13.54629414  13.88444041  13.83781435  13.79208894
   13.62986002  13.63239796  12.44929012  13.64254171  13.55574007
   13.56967549  14.09056399]]
Effective wind speeds: [[ 13.56071898  14.          13.75270016  13.85537377  13.90015376
   13.69701728  13.90839765  14.          14.          13.61737568  14.
   14.        ]
 [ 13.83048307  14.          13.87996124  14.          13.7465726   14.
   13.46888095  14.          13.73302051  14.          14.          14.        ]
 [ 12.98022778  14.          13.98908143  14.          14.          14.
   13.94570591  14.          13.77542145  14.          13.91641468  14.        ]
 [ 13.36641278  14.          13.48555656  13.99916571  13.92673164  14.
   13.9950071   14.          13.61820696  14.          13.96909448  14.        ]
 [ 14.          14.          13.50143115  12.5513925   13.58069193  14.
   14.          14.          13.7009381   14.          13.98100396  14.        ]
 [ 14.          14.          13.62673684  12.87531499  13.57291532  14.
   11.82571168  14.          13.99632406  14.          13.86450799  14.        ]
 [ 14.          14.          12.32659676  14.          12.23137265
   13.97812226  13.92160745  14.          13.29238024  13.79167949
   13.49228628  14.        ]
 [ 14.          14.          14.          14.          14.          13.54378801
   14.          12.9703708   13.84359227  12.06437071  13.43191776
   13.32176402]
 [ 14.          14.          14.          14.          14.          13.85660272
   14.          13.48022453  13.88915344  13.81076599  13.90290602
   13.51472972]
 [ 14.          14.          14.          13.82891484  14.          13.99361281
   14.          13.87590484  13.99822418  13.61975645  14.          13.43181814]
 [ 14.          13.99833783  14.          12.95226658  14.          13.98870782
   14.          13.94555203  13.98453933  13.77187414  14.          13.91549502]
 [ 14.          13.36108981  14.          13.4877645   14.          13.92696024
   14.          13.61811313  14.          14.          14.          13.96935114]
 [ 14.          12.23907767  14.          13.56461655  14.          14.
   14.          13.70588582  14.          13.98869712  14.          14.        ]
 [ 13.60906356  12.59806162  13.61012319  13.99913514  12.27912428
   13.99637719  14.          13.97362988  14.          13.91838579  14.
   14.        ]
 [ 12.35338706  13.26908036  12.43418731  13.99490482  13.91974273
   13.61553051  14.          13.7910099   13.99945205  14.          14.
   14.        ]
 [ 13.54070369  12.77406242  13.99526116  13.52406947  14.          13.27971292
   14.          12.31471227  13.66765896  13.82286252  14.          14.        ]] m/s
