
CONSTRAINED EXCEEDED!
Wind Directions: [   0.    22.5   45.    67.5   90.   112.5  135.   157.5  180.   202.5
  225.   247.5  270.   292.5  315.   337.5] degrees
AEP: 35070217.9842 kWh
X-locations (initial): [ 460.  850.  320.  750.  180.  630.  100.  540.  110.  470.  100.  440.] m
X-locations (final): [ 334.61097674  546.50092121   94.67714111  206.53553889  492.01356923
  611.35413534  615.9367487   741.32640365  695.83013258  883.86399017
  626.43212431  908.25077148] m
Y-locations (initial): [  140.   320.   350.   500.   590.   770.   850.  1000.  1150.  1300.
  1430.  1570.] m
Y-locations (final): [    0.           237.19181775     0.           244.30157007   887.96474693
   566.75490494  1040.86218457   842.16662452  1426.14863382  1025.266307
  1597.03297731  1287.32891736] m
RPM: [[  4.67165663   4.46978132   4.57143293   4.74545185   4.09506529
    4.23261577  11.55558336   5.06861487   3.41953391   5.14471401
    4.14546934   4.78479085]
 [  2.36812629   2.71812616   8.52574583   2.04048515   7.59631218
   10.03731814   7.61177336   2.28641877   7.86320061   2.37708031
    2.10851963   2.16403896]
 [  9.80985913   2.59749785   2.59987702   2.33510007   8.16983046
    2.02025266   9.94243779   2.19799494   2.51659611   6.40181658
    2.7035444    2.46221998]
 [ 10.20287492   2.25223552   8.06655895   2.4818911    7.64869157
    1.88000632   7.21701133   1.9964193    2.58204419   7.05656228
    8.02402547   1.64358623]
 [  2.62456535   3.67310097   9.15626129   3.49551181   8.51143286
    3.34064692   7.32260753   2.87948406   2.67509593   8.0304758
    3.18885113   2.03015275]
 [  2.42541468   8.24684892   8.12164889   3.08409372   8.55463108
    2.04854918   7.58347813   2.03260263   9.04033132   2.53730684
    2.28950018   2.48733665]
 [  4.30535327   4.36914863   9.25509245   3.10248417   8.65348764
    2.81638256   9.58142237   2.84757354   2.7982768    3.06468636
    2.84037782   2.66534061]
 [  4.51393384   3.5988531    5.09808542   5.0180327   11.80542904
    3.77127328   4.90294669   3.98393704   5.03535554   3.59494534
    5.00703666   4.5134739 ]
 [  7.056685     8.16272278   2.76486788   2.28737246   9.57076398
    1.7975777    8.83991628   1.758766     1.64423176   1.65443372
    8.22632587   1.90773836]
 [  7.99427583   1.84511724   7.89063851   6.89967038   8.74289765
    7.89873233   8.63305765   7.94321308   2.71657397   2.52137746
    2.41803367   2.45221961]
 [  9.5268274    2.19870843   3.52170655   2.38753368   8.94187695
    2.03108159   8.46687055   7.85762804   2.93016174   6.48350225
    3.04266828   1.80860664]
 [  3.095391     9.88876462   5.65301823   2.47992774   9.70625958
    2.46288525   9.46345124   2.5692086    2.69511389   3.34966575
    2.7937305    2.0828114 ]
 [  2.18551006   8.8614124    7.09852503   2.54304955   7.80674131
    2.98299453  10.58318617   3.34426506   2.7828172    2.4490486
    3.28107999   3.18760309]
 [  3.82337927   3.62463056   8.33716778   3.49568603   9.38305693
    3.07524408   7.49601282   7.67708227   1.89501461   8.08696342
    3.19210173   2.04295619]
 [  8.61857963   8.17858061   7.31715422   1.92792201   9.16610188
    2.00689074   8.52331515   2.30725031   2.76622425   3.34060466
    2.48457153   3.64748019]
 [  3.44250403   3.25739777   9.37762322   3.20319681   2.99577001
   10.00012822   7.72837538   3.43525535   6.7556993    3.39685796
    3.1721301    3.59325763]]
Effective wind speeds: [[ 13.99999967  13.77645358  13.999983    14.          13.99995699
   12.84539986  13.96458953  13.99167905  13.99658166  13.92760738  14.
   14.        ]
 [ 13.52819285  13.9178268   13.82703299  13.74017093  13.70042885
   13.97279785  13.98056191  13.98420804  14.          13.99947342  14.
   14.        ]
 [ 13.97955929  14.          13.99479064  13.98729665  13.17402594  14.
   13.9811948   13.86749929  14.          14.          14.          14.        ]
 [ 14.          14.          13.96885987  14.          13.74181791  14.
   14.          14.          14.          14.          14.          14.        ]
 [ 14.          14.          13.96781395  13.95755095  13.9817828   14.
   13.4337423   14.          14.          14.          14.          14.        ]
 [ 14.          14.          13.99997399  14.          13.995582    14.
   13.99991603  14.          13.98527339  14.          14.          14.        ]
 [ 14.          14.          14.          13.99517624  14.          14.
   13.98525192  14.          13.9936224   14.          13.97553448  14.        ]
 [ 14.          14.          14.          13.958814    13.95605164  14.
   13.97983718  14.          13.97568273  14.          13.8887048   14.        ]
 [ 14.          14.          14.          13.99999294  13.92831234
   13.86056798  13.91798103  14.          13.92498036  14.          13.51855558
   13.98352649]
 [ 14.          13.99811261  14.          13.45926978  13.76586937
   13.76914307  13.69833018  13.45096599  13.61665009  13.80972146
   13.99800709  13.57524204]
 [ 14.          13.34580296  14.          13.99996625  14.          13.98741421
   13.39797347  13.99556263  14.          13.70684587  14.          13.30516635]
 [ 13.99629574  13.97094783  14.          14.          14.          14.
   13.99999924  14.          14.          13.24126594  14.          14.        ]
 [ 13.62614898  13.97339786  14.          14.          14.          14.
   14.          13.72994642  14.          12.69351745  14.          14.        ]
 [ 13.99940669  14.          14.          14.          14.          14.
   14.          13.82149488  14.          13.99875155  14.          13.98914399]
 [ 13.99831569  14.          14.          14.          14.          14.
   14.          13.70036301  13.99531014  14.          14.          13.97703713]
 [ 13.97668626  14.          14.          14.          14.          13.96782363
   14.          13.81657649  13.95494997  13.84128928  14.          14.        ]] m/s
Max SPL: 35.4115961882 dB
SPL: [[ 33.94179526  35.17284929  34.68702521  34.07098231  30.66048069
   34.55319449  33.26591375]
 [ 34.4227555   35.0295131   34.45619525  33.93310572  31.08785712
   34.69865566  34.34454851]
 [ 34.22739658  34.86171857  34.00220342  33.489069    30.74899466
   34.59705951  33.97523536]
 [ 34.68464954  35.04400097  34.77161746  33.9736406   31.3314797
   34.98777885  34.8649396 ]
 [ 33.6868667   34.45197027  33.48428813  33.53858351  30.40871955
   34.16504784  33.9789418 ]
 [ 34.29640434  35.04294343  34.89488372  34.29450924  31.01199831
   34.88987334  34.22803556]
 [ 33.84069409  34.34829009  33.57506836  33.31301832  30.81773678
   34.64829618  34.36209193]
 [ 34.060304    34.83884143  34.47601639  34.13492801  31.01566518
   35.1436749   33.83367681]
 [ 34.43677974  35.06086229  35.05595611  34.7166041   31.08961567
   35.04745395  33.97926968]
 [ 35.15687321  35.41159619  34.40055392  34.00828892  31.7252336
   35.2824142   35.16441492]
 [ 34.57091002  35.2158948   34.22595     33.69044234  30.99204824
   34.8365991   34.2021896 ]
 [ 34.93416481  35.13352785  34.25041321  33.63840646  31.17471373
   35.09047938  34.3054693 ]
 [ 34.56367593  35.00212117  34.21604287  34.0007352   30.95787191
   34.85370476  34.13696179]
 [ 34.49483494  35.39315233  34.49679379  33.75633408  30.9971185
   34.86114947  34.28034028]
 [ 34.80132888  34.71060877  33.761233    33.47293891  31.18579318
   34.92755268  34.68075368]
 [ 34.43940784  34.46529932  33.9149255   33.38689364  30.8835765
   34.53660002  34.64995563]] dB
