
CONSTRAINT SATISFIED WITHIN LIMITS
Wind Directions: [   0.    22.5   45.    67.5   90.   112.5  135.   157.5  180.   202.5
  225.   247.5  270.   292.5  315.   337.5] degrees
AEP: 18543204.1557 kWh
X-locations (initial): [ 365.77300924  645.00064543  203.33261796  402.90725008  380.20128921
  610.04807284  410.77179621  681.2280172   516.04880135  650.59511766
  591.01377179  662.00161186] m
X-locations (final): [ 301.75864123  481.75864123  121.75864123  440.57279277  591.65070326
  682.26070292  368.65638109  521.57764838  676.11762829  600.59393319
  626.93805384  687.23432785] m
Y-locations (initial): [    3.45260246   200.8426299    110.02119079   267.74085551   545.54444998
   602.59073511   743.28358278   845.15782899   951.21068048  1106.63690831
  1336.26455349  1605.50139911] m
Y-locations (final): [    0.             0.             0.           332.11601576   142.56133772
   437.73564746   167.10683387   518.85874033  1258.90361624   680.58822677
  1608.16060025  1438.56000771] m
RPM: [[ 7.85178386  1.96026206  1.6235275   1.60123518  1.80378206  1.73816498
   7.80152324  1.55853071  7.70450477  1.55879145  5.73876597  1.46862854]
 [ 7.81408441  1.70002468  1.59142336  7.78096016  1.66986704  1.6513805
   6.04580221  1.58616158  1.4788776   1.55996619  1.45286671  7.62529885]
 [ 8.09548416  2.00323628  1.7294701   2.00483375  2.47977306  2.38771338
   7.9316649   1.9804278   1.72102143  1.99800662  7.70850216  1.65548712]
 [ 7.86000191  1.90934196  5.96364714  1.61272748  1.89918768  1.72259684
   1.66591425  7.2947676   1.54218312  1.58136741  1.52132311  7.69310784]
 [ 7.92186548  1.65114481  2.20407073  7.83085282  1.4925781   1.45500483
   1.75656147  1.66343553  1.88446535  1.63380887  2.37905542  8.03015792]
 [ 8.02551194  1.70254181  2.73554136  1.85963871  1.61670662  1.6264923
   1.909842    7.844857    1.65087319  1.68416919  1.50545958  7.70694378]
 [ 1.72949048  2.07305231  7.67353154  7.84763937  2.32276358  2.26677501
   1.71949926  1.74905591  1.92786976  1.79066581  1.92249477  7.94544714]
 [ 7.88836226  1.57094308  2.3157693   7.82003886  1.45704772  1.46053243
   1.72727733  1.6665916   1.9947537   1.66099163  2.01573001  8.10470837]
 [ 9.35225481  2.49479296  1.98536831  2.00219667  2.50562624  2.3685462
   2.18390739  2.04403407  7.83487951  2.03138999  5.76406488  1.58785199]
 [ 8.53090986  1.73439345  1.98619313  1.7542274   1.64263754  1.59373659
   1.81049529  7.79724194  1.52032136  1.60403605  1.59926489  7.67285244]
 [ 1.65865316  1.57148373  7.70488165  1.62968596  5.96549803  1.62183823
   1.60600129  7.38978828  1.62164118  1.58928137  1.67044829  7.79957143]
 [ 8.02987293  1.72232531  2.33844979  1.75429853  1.64655329  1.58129223
   7.9017063   1.70859836  1.69138577  1.68514901  5.91622619  6.92034088]
 [ 6.21957261  6.72670839  6.90445872  1.61330567  1.56223961  1.56712271
   1.61848738  5.91756722  1.68763256  1.64348433  5.91179525  6.89720667]
 [ 7.81319346  6.61895717  6.26440856  1.64751859  1.52709825  1.54014931
   1.65544752  1.66952495  2.00163581  1.67572143  2.0614143   8.03527022]
 [ 1.74105704  7.68404356  2.25985334  1.65875245  1.42526534  1.42626375
   7.84337743  1.63297172  1.95361164  1.6282191   8.08969277  2.01457683]
 [ 8.14463833  2.310835    1.96825564  7.88681102  2.10822107  1.96468794
   1.95861547  1.73201677  1.62265293  1.72117468  7.68952616  1.64513682]]
Effective wind speeds: [[ 13.88857298  13.99023925  14.          13.9986056   13.95690293
   13.81456289  13.99715997  13.9962065   13.96264931  13.92520615  14.
   13.98034913]
 [ 13.49683085  13.98390514  13.93686785  13.97541446  13.99090616  14.
   13.39647971  13.9794803   13.93078907  14.          14.          14.        ]
 [ 13.97183253  13.97944954  13.81079547  13.99919811  14.          14.
   13.98178417  13.99666109  14.          14.          14.          14.        ]
 [ 13.9860884   13.99998345  13.89756809  13.98197409  14.          14.
   13.99999241  14.          14.          14.          14.          14.        ]
 [ 13.97886197  14.          13.37607448  14.          14.          14.
   13.98457113  13.99876027  14.          14.          14.          14.        ]
 [ 13.99881916  14.          13.96491988  14.          14.          14.
   13.99812955  13.97886886  14.          14.          14.          14.        ]
 [ 14.          14.          14.          13.97660881  14.          14.
   13.98357515  13.99554312  14.          14.          13.94116039  14.        ]
 [ 14.          14.          14.          13.99863841  14.          14.
   13.99346315  13.99841654  14.          13.98392919  13.30462244
   13.99788238]
 [ 14.          14.          14.          13.99009294  14.          13.99896837
   13.7982679   13.98622609  13.98916541  13.9815924   13.88982618
   13.38190375]
 [ 14.          14.          14.          13.40535073  13.98962513
   13.98387666  13.22276265  13.58549572  13.99596135  13.26151385
   13.99997115  13.99609426]
 [ 14.          14.          14.          13.6870725   13.98762844
   13.96688509  13.8308237   13.99266201  14.          13.93825134  14.
   14.        ]
 [ 13.99475394  13.89019733  14.          14.          13.64938465
   13.9816089   13.99677712  14.          14.          14.          14.
   14.        ]
 [ 13.62959906  13.61546102  14.          14.          13.98313553
   13.98668776  14.          14.          14.          14.          14.
   14.        ]
 [ 13.98652357  13.96799253  14.          14.          13.99808021
   13.97825328  14.          14.          14.          14.          14.
   14.        ]
 [ 14.          13.63824631  14.          14.          13.98391057
   13.99690302  14.          14.          14.          14.          14.
   13.9373602 ]
 [ 14.          13.97569693  14.          14.          13.96223975
   13.98075149  14.          14.          13.97695196  14.          14.
   13.42329927]] m/s
Max SPL: 32.0000331545 dB
SPL: [[ 32.00000234  31.94585453  31.96564611  31.54693106  29.11082168
   32.00000226  31.81593111]
 [ 32.00000011  31.87488835  31.69300972  31.19466097  29.10748975
   32.0000001   31.97155986]
 [ 31.9864928   31.61489183  32.00000012  31.69566584  28.43355373
   32.00000022  32.00000023]
 [ 32.00000516  31.90830035  31.74497604  30.88955747  28.42206639
   32.0000027   32.00000311]
 [ 32.00000297  32.00000573  31.98058959  31.43251653  28.36310218
   31.99199641  31.79426792]
 [ 32.00002487  31.95966204  32.00003315  31.25256467  28.29051676
   31.93198688  31.71111898]
 [ 31.75126613  31.81011517  31.66728675  31.31976994  28.38373166
   32.00000147  32.0000019 ]
 [ 32.00000001  31.99928901  32.00000001  31.46414742  28.37160748
   31.99829765  31.77232343]
 [ 31.99998262  31.96740178  31.99999236  31.57399606  29.18157568
   31.99998527  31.99998359]
 [ 32.00000003  32.00000002  31.81231414  31.29694081  28.45463117
   32.00000002  31.89049488]
 [ 32.          32.          31.85008176  31.30373847  28.42207004  32.
   32.        ]
 [ 32.00000011  31.81826057  32.00000006  31.17672947  28.44352649
   32.00000007  31.99078212]
 [ 32.          31.84749482  32.          31.77254131  28.42292556
   31.99009292  32.        ]
 [ 32.0000004   31.80905259  32.00000027  31.2980286   28.36451502
   31.86964147  32.00000033]
 [ 32.00000001  31.68988184  31.68561114  32.00000001  28.2137321
   31.84762826  31.50166794]
 [ 32.00000034  31.65674405  32.00000014  31.75104851  28.40499453
   32.00000022  31.87375242]] dB
