
CONSTRAINT SATISFIED WITHIN LIMITS
Wind Directions: [   0.    22.5   45.    67.5   90.   112.5  135.   157.5  180.   202.5
  225.   247.5  270.   292.5  315.   337.5] degrees
AEP: 215024886.409 kWh
X-locations (initial): [ 460.  850.  320.  750.  180.  630.  100.  540.  110.  470.  100.  440.] m
X-locations (final): [ 523.47014418  870.4369639   416.92002934  800.76330327  365.87024001
  768.93430752  332.4650191   722.01726827  429.67183526  666.67251977
  288.52183002  604.35505581] m
Y-locations (initial): [  140.   320.   350.   500.   590.   770.   850.  1000.  1150.  1300.
  1430.  1570.] m
Y-locations (final): [    0.           220.60639754   145.07610842   386.57503063   477.15525545
   769.6675597    673.01770826  1119.38643113  1045.67556641  1357.27308634
  1455.65433544  1650.        ] m
RPM: [[ 13.17942053  13.03463525  12.83816589  12.69743571  12.62995633
   12.81286757  12.7790041   13.02256137  12.98160144  13.07075555
   13.02337706  13.26760116]
 [ 13.32246424  13.06086441  13.20695787  13.00632179  13.07511742
   12.71200607  12.76292327  12.68202647  12.85188103  12.64191259
   12.89975526  12.81684291]
 [ 12.73849966  12.57486697  12.88524774  12.67050675  12.83693339
   12.841727    12.7394809   12.75868326  12.79872441  13.04644686
   12.65220868  13.11408457]
 [ 13.04858743  12.72521751  13.0787192   12.83005969  13.04476986
   12.92288872  12.94143951  12.90475558  11.79631039  13.07474713
   12.81217715  13.1072399 ]
 [ 13.01491949  12.77123144  12.99018451  12.83367876  12.80908922
   12.90864091  12.7420177   12.96637272  12.70151571  12.96665489
   12.58627428  12.98060724]
 [ 13.06124554  12.68902358  13.0461261   12.86969045  12.6440324
   12.96784831  12.77512786  12.97785876  12.77260258  12.92250392
   12.59936921  13.00452511]
 [ 12.99672742  13.019627    11.49216987  12.9296743   13.06597849
   13.09739616  12.94806757  13.14579512  12.75322118  13.12593472
   12.31420715  13.13572322]
 [ 13.40720894  13.13168671  13.26999871  11.41551864  12.70000154
   13.36241032  12.74597175  13.06109309  13.18030308  12.56407988
   12.64425492  12.99540391]
 [ 13.18453878  12.82580788  13.07034664  12.78581299  12.8177153
   12.69786405  12.67151374  13.01030793  12.82252472  13.1033779
   13.08794699  13.34006983]
 [ 13.31016371  13.04924006  13.21490874  13.01334319  13.05390156
   12.74948154  12.91958813  12.69657091  12.79170086  12.63268996
   12.82357883  12.84253332]
 [ 12.77031676  12.58563652  12.90692104  12.67660679  12.86240331
   12.82267382  12.79050431  12.7220878   12.81639066  12.94756013
   12.65069614  13.09355164]
 [ 13.04525855  12.78716876  13.03950296  12.88142942  12.9299912
   12.94250187  12.79691862  12.61217828  12.64077747  13.03898278
   12.63705807  13.00890821]
 [ 13.0193216   12.77101825  12.9970043   12.832926    12.82510133
   12.93185512  12.74173558  12.93439476  12.68105118  12.95295872
   12.59110045  12.98994123]
 [ 13.08232343  12.60591195  13.07383595  12.87159369  12.82797144
   12.98009738  12.84204239  12.99206011  12.82006339  12.8986586
   12.28321098  13.02635258]
 [ 11.63024438  12.96134237  12.9963428   13.14086369  13.10860079
   13.00682906  13.01253212  13.14863503  12.87101995  13.15863609
   11.8313205   13.15921149]
 [ 12.80032611  11.60960635  13.5283359   13.16795245  12.57520001
   13.58820876  13.032257    12.64314583  12.61027112  12.68213165
   12.66747887  13.19288814]]
Effective wind speeds: [[ 13.84177015  13.85819953  13.107336    13.02424378  12.77745743
   13.43787283  13.62486659  13.60416759  14.          13.76657258  14.
   14.        ]
 [ 13.87605107  14.          13.86140818  14.          13.76110356  14.
   13.29022542  14.          13.88505443  14.          14.          14.        ]
 [ 13.89138776  14.          13.9705862   14.          13.77705866  14.
   13.49764977  14.          13.62368891  14.          13.86651606  14.        ]
 [ 13.90121348  14.          13.93404957  14.          14.          14.
   13.76360667  14.          12.82681792  14.          13.72663599  14.        ]
 [ 14.          14.          13.93271724  14.          13.90886632  14.
   13.99596985  14.          13.92137415  14.          13.96399049  14.        ]
 [ 14.          14.          13.96408181  14.          13.1670999   14.
   13.85720903  14.          13.99990758  14.          13.65318681  14.        ]
 [ 14.          14.          11.92915648  13.54680386  14.          14.
   13.80551929  14.          13.4663244   14.          13.87196477  14.        ]
 [ 14.          14.          13.16893531  11.40955639  12.76096109
   13.99380292  12.48810392  13.90902718  13.97004844  12.54692981
   12.41065403  13.02387033]
 [ 14.          14.          14.          13.87707352  13.56048741
   13.10345093  12.84528288  13.42025363  13.10768952  13.58609841
   13.56935455  13.71240732]
 [ 14.          14.          14.          13.98982961  14.          13.79587828
   14.          13.82751928  13.631221    13.33185638  14.          13.88143954]
 [ 14.          13.90309041  14.          13.93523276  14.          13.77616493
   14.          13.49449238  14.          13.63983679  14.          13.87793352]
 [ 14.          13.89310148  14.          13.93413955  14.          13.76929119
   14.          12.88632981  14.          14.          14.          13.75039498]
 [ 14.          13.92973047  14.          13.90901819  14.          13.99609872
   14.          13.92562809  14.          13.96656028  14.          14.        ]
 [ 13.96399742  13.14439758  14.          13.85520477  14.          13.99991017
   14.          14.          14.          13.69552158  14.          14.        ]
 [ 11.9293065   13.49741644  14.          14.          14.          13.48866322
   14.          13.9021928   14.          14.          14.          14.        ]
 [ 12.42385397  11.32793654  13.75941204  13.86389918  12.69918824
   13.89823343  14.          12.45197808  12.5800816   13.13852053  14.
   14.        ]] m/s
Max SPL: 44.5008294799 dB
SPL: [[ 44.50000093  44.46332164  44.3279182   44.24532488  40.64247319
   44.50000204  43.27662651]
 [ 44.4944026   44.49997446  44.16185419  44.07684311  40.56448581
   44.49994979  43.3570856 ]
 [ 44.50000036  44.4418853   44.17464103  44.05079315  40.37679524
   44.50000028  43.19459335]
 [ 44.50000077  44.50000133  44.1997784   44.06016642  40.43618842
   44.50000137  43.27787955]
 [ 44.50007071  44.50009689  44.17265602  44.00810426  40.42791129
   44.50013595  43.26129327]
 [ 44.5000067   44.50000913  44.24273983  44.06843341  40.42748354
   44.50001271  43.25735805]
 [ 44.50000341  44.48970982  44.13361979  44.11535693  40.41563726
   44.49998668  43.19339025]
 [ 44.50082948  44.50051589  44.14062169  44.04957861  40.44075165
   44.50063622  43.56233716]
 [ 44.50000045  44.45614116  44.32955145  44.24954317  40.6512382
   44.50000139  43.29079782]
 [ 44.50000733  44.50000972  44.15520015  44.0668311   40.5683804
   44.50000901  43.36913433]
 [ 44.50000524  44.4247597   44.1491057   44.03194323  40.37719212
   44.50000388  43.20358655]
 [ 44.50000009  44.48152457  44.16526776  44.01741258  40.4320881
   44.50000009  43.27535744]
 [ 44.49995423  44.49743511  44.17006799  44.00677182  40.42807929
   44.49991233  43.26286704]
 [ 44.50046236  44.50028326  44.23617138  44.05137364  40.43517502
   44.50026342  43.27865893]
 [ 44.500002    44.50000154  44.13183493  44.08759701  40.42902585
   44.5000022   43.23334063]
 [ 44.41946857  44.50002858  44.17096289  44.08763312  40.43242836
   44.50002719  43.50379545]] dB
