
CONSTRAINED EXCEEDED!
Wind Directions: [   0.    22.5   45.    67.5   90.   112.5  135.   157.5  180.   202.5
  225.   247.5  270.   292.5  315.   337.5] degrees
AEP: 138239685.346 kWh
X-locations (initial): [  523.67119291  1200.            74.14717779  1126.37800913   381.72271461
   902.14896711   158.83606742   690.57802428    65.85430079   480.62123205
     0.           565.10212808] m
X-locations (final): [ 501.08236281  798.44975137  113.76033087  759.85557618  439.41358825
  675.15879207  382.05544647  727.97873778  500.30779488  692.65190353
  400.84025424  635.37471162] m
Y-locations (initial): [    0.            53.36510941   110.53977547   426.51549141   537.74545889
   620.61492594   869.55818156   972.66940032  1249.49052419  1307.00375429
  1585.98075981  1650.        ] m
Y-locations (final): [  1.50565082e+00   2.12269853e+02   0.00000000e+00   4.05241507e+02
   5.16947294e+02   5.64277166e+02   7.12932674e+02   9.19471978e+02
   1.13757145e+03   1.27227060e+03   1.65000000e+03   1.65000000e+03] m
RPM: [[ 10.43015717  10.09991251  11.68862827  10.22970062  10.08222645
   10.15377017  10.18083191  10.28146964  10.34666403  10.2969243
   10.08076893  10.30430073]
 [ 11.33131908  10.01499231  12.02469321  10.33475671  10.16786006
    9.893851    10.11500879  10.0329718    9.93691165  10.05828913
   10.23452848   9.982137  ]
 [ 10.32409865  10.36956472  10.56121696  10.59773527  10.51003778
   10.35086503  10.12072728  10.12129157   9.97369463  10.02093906
   10.27176151  10.05884033]
 [ 10.40499565  10.13007286  11.15530926  10.0281827   10.24722771
   10.19529897  10.29910601  10.24181886  10.09111926  10.32050155
   10.20348968  10.21276025]
 [ 10.38222486  10.00256299  10.76661429  10.17425936  10.34598706
   10.29289693  10.56865323  10.14947396  10.14658998  10.26382714
   10.21907628  10.14980873]
 [ 10.34086074   9.97620125  11.2792021   10.26802041  10.07016244
   10.2442897   10.17920966  10.26886099  10.15170596  10.21223436
   10.19233609  10.31803662]
 [ 10.78303569   9.33919236  11.11475052  10.11444424  10.39500109
   10.2801587   10.20939133  10.25441832  10.23263323  10.36242021
    9.69346154  10.3739103 ]
 [ 12.42577307   9.02529648  10.25241012   9.16935051  10.03440531
   10.19038151  10.3135053   10.19010007  10.29070451  10.21936663
   10.31779632  10.49507706]
 [ 10.45182637   9.97874665  11.44986297  10.81600494  10.31258402
   10.16550931  10.19450886  10.28839014  10.26120505  10.19202276
   10.23505767  10.42722408]
 [ 11.25523237   9.93270248  12.21329196  10.45991471  10.27229435
   10.03423379  10.0355137   10.15677586   9.9309431   10.03235211
   10.00984904  10.24306907]
 [ 10.82830542  10.28200158  10.62967167  10.12140454  10.47648473
   10.7215254    9.89444951  10.22271912   9.35367222  10.1433892
   10.16003672  10.37538067]
 [ 10.5907726    9.9911857   10.55769319  10.26861254  10.87893833
    9.81758326  10.1676571   10.35143677  10.13847645  10.00672082
   10.16881815  10.44010509]
 [ 10.96160267  10.09779175  10.70618038  10.06694317  10.17048924
    9.85503981  10.3005584   10.24278244  10.21146935  10.44062422
   10.2803089   10.37822167]
 [ 10.40879675  10.24304203  10.81126778  10.27626829  10.34613369
   10.05645185  10.01223654  10.20058065  10.19982596  10.29859348
   10.39358173  10.24767487]
 [ 10.26287112  10.32843171  10.52205858  10.3460476   10.03490257
   10.20921667  10.22439449  10.24283792  10.11187028  10.38337068
   10.32779042  10.56491569]
 [ 11.15924092   9.91545592  10.25865461  10.21779967  10.06824061
   10.15979746  10.11624857  10.21545665  10.04351403  10.22636247
   10.29490541  10.97053863]]
Effective wind speeds: [[ 13.69130809  13.46127096  14.          13.53461374  13.62811483
   13.21612704  13.63910207  13.52541331  13.99791474  13.84132215  14.
   14.        ]
 [ 13.83930686  14.          13.5913014   14.          13.87895022
   13.99470647  13.77323278  14.          13.94808521  14.          14.
   14.        ]
 [ 13.66609024  14.          13.51466601  14.          13.97819543  14.
   13.98091893  14.          13.29392088  14.          14.          14.        ]
 [ 13.98244419  14.          13.80684156  14.          13.38423395  14.
   13.8576337   14.          13.7300739   14.          13.96045168  14.        ]
 [ 14.          14.          13.007844    14.          13.68093324  14.
   14.          14.          14.          14.          12.77320138  14.        ]
 [ 14.          14.          14.          14.          13.24659607  14.
   13.03411019  14.          13.99960888  14.          13.99804195  14.        ]
 [ 14.          14.          14.          14.          13.73054227
   13.49888289  13.70757425  14.          12.99230633  14.          13.68917502
   14.        ]
 [ 14.          14.          14.          13.4204451   14.          12.94228657
   12.86100684  14.          13.50339975  13.99165394  13.63976244
   13.95750947]
 [ 14.          14.          14.          13.54361964  13.88824065
   13.99401787  13.8070585   13.31235463  13.59690223  13.24116397
   13.57406853  13.75367665]
 [ 14.          14.          14.          13.89544402  13.97134212
   13.80697617  13.42441146  13.99337205  13.79288877  13.64405848  14.
   13.94659896]
 [ 14.          13.62578038  14.          13.99879269  14.          13.47925127
   14.          13.97010599  14.          13.42003691  14.          14.        ]
 [ 14.          13.78329334  14.          13.99996311  14.          13.26884328
   14.          13.86041297  14.          13.74276595  14.          13.96091219]
 [ 12.92398952  14.          14.          13.9985322   14.          13.69110053
   14.          14.          14.          14.          14.          12.72998212]
 [ 14.          14.          14.          13.23109449  14.          13.09270514
   14.          13.99961596  14.          14.          14.          13.99800335]
 [ 14.          13.57424686  14.          13.44374982  13.99196819  14.
   14.          13.02992638  14.          13.69194949  14.          14.        ]
 [ 14.          12.56405834  14.          12.90828149  12.83533329
   13.7143075   14.          13.62983413  13.98758491  13.94884842  14.
   14.        ]] m/s
Max SPL: 41.14378205 dB
SPL: [[ 41.00476167  41.00542792  40.83515706  40.79216734  37.44695291
   41.00578542  40.26611428]
 [ 41.00135513  41.00257362  40.74194198  40.72360518  37.34384441
   41.00308944  40.44087119]
 [ 41.00384953  41.00580645  40.72963022  40.67246564  37.03931416
   41.0054378   40.07979222]
 [ 41.00679958  41.00698221  40.79095402  40.48942755  37.10525547
   41.00837858  40.18510938]
 [ 41.00171079  41.00206309  40.75548699  40.81552155  37.07755375
   41.00215386  40.12507097]
 [ 41.00724877  41.00339552  40.84151158  40.75989564  37.10173013
   41.0063301   40.1848093 ]
 [ 40.99868203  40.95433169  40.54124487  40.69530003  37.10488642
   40.99736787  40.18863218]
 [ 41.00572019  40.87943896  40.84780658  40.84385636  37.11083618
   41.00774058  40.08234341]
 [ 41.14378205  41.10515465  40.91401553  40.87296778  37.49374143
   41.07403712  40.31002376]
 [ 41.05949319  41.05895437  40.79324021  40.74590388  37.39151476
   41.04348225  40.51259417]
 [ 41.03206871  41.02824981  40.78191871  40.70102071  37.07223717
   41.03558011  40.13710234]
 [ 41.02926718  41.03247193  40.83703325  40.52757099  37.10765776
   41.02495035  40.14528927]
 [ 41.04357389  41.04705303  40.84729173  40.91514504  37.12019086
   41.04067421  40.15917122]
 [ 41.01426012  41.0149953   40.86466364  40.81227665  37.08896765
   41.01374084  40.12399529]
 [ 41.0064106   41.00517089  40.66932414  40.8827824   37.06682682
   41.00536545  40.03241357]
 [ 40.99842718  40.95513125  40.9922725   40.96664775  37.07982198
   40.99984096  39.98535988]] dB
