
CONSTRAINT SATISFIED WITHIN LIMITS
Wind Directions: [   0.    22.5   45.    67.5   90.   112.5  135.   157.5  180.   202.5
  225.   247.5  270.   292.5  315.   337.5] degrees
AEP: 226217007.145 kWh
X-locations (initial): [  523.67119291  1200.            74.14717779  1126.37800913   381.72271461
   902.14896711   158.83606742   690.57802428    65.85430079   480.62123205
     0.           565.10212808] m
X-locations (final): [ 478.65208163  915.08465701  159.70049838  859.93667943  418.9897814
  779.11404963  355.61535802  720.58582577  311.70969364  654.32154512
  256.49790078  873.63113133] m
Y-locations (initial): [    0.            53.36510941   110.53977547   426.51549141   537.74545889
   620.61492594   869.55818156   972.66940032  1249.49052419  1307.00375429
  1585.98075981  1650.        ] m
Y-locations (final): [   75.42885804   172.55991568   134.63723717   352.96877831   483.14023232
   539.77029373   819.14102162   898.38448542  1255.33793791  1329.50142452
  1604.54233323  1650.        ] m
RPM: [[ 13.50402407  13.00020123  13.79903737  13.00306444  13.39578424
   13.11040445  13.15140091  13.14393282  13.12399726  13.28985651
   13.50215419  13.11045858]
 [ 13.53167985  13.39005201  13.35877742  13.39078012  13.14165036
   13.37041782  13.18391815  13.3377011   13.20857236  13.0995297
   13.20218855  13.20943796]
 [ 13.13842951  12.993159    13.37901512  13.04126251  13.20635923
   13.17348393  13.27550264  13.33278231  13.19330772  13.32553237
   13.09955673  13.46300101]
 [ 13.22572258  13.03503156  13.33073589  13.09665173  13.32339235
   13.20974972  13.0865564   13.21511147  12.99613468  13.35190424
   13.21507604  13.52678565]
 [ 13.30587506  12.99544151  13.05878595  13.11535696  13.16047613
   13.16580707  13.28748199  13.33386326  13.1817065   13.40216891
   13.04740435  13.44676485]
 [ 13.33488232  13.01307712  13.21701649  13.04860502  13.06973127
   13.18788671  13.16720366  13.3262646   13.11014559  13.38356686
   13.09942459  13.52349375]
 [ 13.39067967  12.98520172  13.46720689  12.98397157  13.36776132
   13.09360413  12.89540084  13.21295269  12.90993583  13.43673434
   13.20314881  13.61601828]
 [ 14.24787897  13.3270531   13.68007005  10.81320524  13.51086742
   11.10476707  13.09109604  13.53789078  13.07036228  13.50404337
   12.98901382  13.92135104]
 [ 13.47499045  12.98375617  13.78339395  12.90481913  13.33274616
   13.16582191  13.29773008  13.13471991  13.12973592  13.3392266
   13.45363669  13.11252539]
 [ 13.47175845  13.32671296  13.4199365   13.3809798   13.19757904
   13.36386159  13.20991679  13.4021333   13.16550358  13.11207464
   13.14450139  13.23638115]
 [ 13.20987072  12.98841849  13.44768801  12.99789692  13.17083404
   13.17875102  13.20934311  13.32234731  13.18576303  13.39350584
   13.08704698  13.46084356]
 [ 13.39081663  13.0331447   13.39507659  13.04708146  13.34338573
   13.19509661  13.15053186  13.11648007  13.04495737  13.11793029
   13.10880539  13.69620494]
 [ 13.09888451  12.98215012  13.20992728  13.20996633  13.33094448
   13.15516592  13.20799877  13.39497324  13.09506259  13.39510276
   13.021821    13.44278923]
 [ 13.21688676  13.05972291  13.36859903  12.98943007  13.18824228
   13.19294024  13.14862121  13.33481829  13.06138917  13.35204487
   13.04235065  13.55215525]
 [ 13.42247335  13.00976921  13.41586468  12.86402155  13.34086046
   13.31961553  13.04164523  13.06109761  12.99174207  13.39702937
   13.0517981   13.65053241]
 [ 14.20670356  11.27068956  13.62445767  11.16691768  13.33172736
   12.86673444  13.18677561  13.65485113  13.03108079  13.5129036
   12.98811533  13.80575145]]
Effective wind speeds: [[ 13.73106558  13.49980273  13.90276433  13.56088333  13.77651424
   13.69545125  13.41001787  13.84180509  13.63147318  14.          14.
   14.        ]
 [ 13.94933283  14.          13.51594875  14.          13.60828572  14.
   13.79487497  14.          14.          13.78294824  14.          14.        ]
 [ 13.68959412  14.          13.80213023  14.          13.95348594  14.
   14.          14.          13.99207104  13.89218563  14.          14.        ]
 [ 13.75145956  14.          13.63400782  14.          13.85978975  14.
   13.51307354  14.          13.39254163  14.          14.          14.        ]
 [ 13.99617524  14.          13.14616186  14.          13.68367139  14.
   13.95422535  14.          13.9175452   14.          13.55113328  14.        ]
 [ 14.          14.          13.84577622  14.          13.56120761  14.
   13.93686176  14.          14.          14.          13.96924007  14.        ]
 [ 14.          14.          14.          13.9236998   14.          13.70531088
   13.19004173  14.          13.34153481  14.          13.98240047  14.        ]
 [ 14.          14.          14.          11.42710184  13.96825636
   10.87740095  13.56676015  13.70213998  13.99886644  13.97962681
   13.73400636  14.        ]
 [ 14.          14.          14.          13.59875327  13.73655114
   13.97262655  13.78101036  13.71750006  13.40732725  13.83873089
   13.60682325  13.47665016]
 [ 14.          14.          14.          14.          13.98797707
   13.95278172  13.94639272  13.97909559  14.          13.49475224  14.
   13.51607991]
 [ 14.          14.          14.          13.6797523   13.7955098   14.
   14.          13.95322747  14.          14.          14.          13.89310035]
 [ 14.          13.73515977  14.          13.614194    14.          13.85647691
   14.          13.51882132  14.          13.4252069   14.          14.        ]
 [ 13.30008124  13.51010426  14.          14.          14.          13.6742515
   14.          13.95522483  14.          13.92189243  14.          13.58353611]
 [ 13.84490928  13.93676133  14.          13.55411141  14.          13.93731684
   14.          14.          14.          13.97105954  14.          14.        ]
 [ 14.          13.60506563  14.          13.2231505   14.          13.99732968
   14.          13.36803375  14.          13.9835531   14.          14.        ]
 [ 13.97012765  10.7940546   14.          11.60561228  13.59150747
   13.79710411  13.99999997  13.98052702  13.83002399  14.          14.
   14.        ]] m/s
Max SPL: 45.0003834139 dB
SPL: [[ 45.00000062  45.00000062  44.84703882  44.65891684  41.43545241
   45.00000046  43.88071082]
 [ 45.00038341  45.00023467  44.87090487  44.60989672  41.06962377
   45.00024305  43.86802445]
 [ 45.00000024  45.00000019  44.92015772  44.55976218  40.91276177
   45.00000025  43.80276364]
 [ 44.99965288  44.9995125   44.9248609   44.59459913  40.89500887
   44.99967146  43.78144964]
 [ 45.00000001  45.00000002  44.89561175  44.54720413  40.88313718
   45.00000002  43.75268577]
 [ 45.00000442  45.00000872  44.93514974  44.60489152  40.88777029
   45.00000576  43.76320384]
 [ 45.00003463  45.00004597  44.83343732  44.62777268  40.90343821
   45.00003128  43.77415941]
 [ 44.81733758  44.82698264  45.00000014  44.64528065  40.91416263
   45.0000002   43.76917039]
 [ 45.00000147  45.00000196  44.83703054  44.64336273  41.438516
   45.00000152  43.88248077]
 [ 45.00000023  45.00000015  44.86440579  44.59646688  41.07069148
   45.00000014  43.88262116]
 [ 45.00001504  45.00000861  44.92155759  44.56015792  40.9168721
   45.00001007  43.81324807]
 [ 45.00000081  44.99264826  44.93943332  44.57519203  40.90337287
   45.00000079  43.80820157]
 [ 45.00001274  44.99835672  44.88317485  44.54029009  40.88795161
   45.00000859  43.77027342]
 [ 45.00001347  45.00000661  44.93177879  44.59427344  40.89403992
   45.00000821  43.78367091]
 [ 45.          44.9994711   44.83105456  44.60945357  40.90400306  45.
   43.77860162]
 [ 44.64350077  44.80636615  44.97516587  44.63779844  40.89861135
   45.00006384  43.73917487]] dB
