
CONSTRAINED EXCEEDED!
Wind Directions: [   0.    22.5   45.    67.5   90.   112.5  135.   157.5  180.   202.5
  225.   247.5  270.   292.5  315.   337.5] degrees
AEP: 116163531.971 kWh
X-locations (initial): [  523.67119291  1200.            74.14717779  1126.37800913   381.72271461
   902.14896711   158.83606742   690.57802428    65.85430079   480.62123205
     0.           565.10212808] m
X-locations (final): [ 309.85588941  615.71086054   97.96416439  611.24559008  355.21897643
  659.25662774  246.8758199   746.42915573  535.46596089  790.78292967
  368.01931378  575.06061576] m
Y-locations (initial): [    0.            53.36510941   110.53977547   426.51549141   537.74545889
   620.61492594   869.55818156   972.66940032  1249.49052419  1307.00375429
  1585.98075981  1650.        ] m
Y-locations (final): [    0.            60.22678965     8.37185213   255.93308537   306.13168969
   526.68931625   494.97095739   838.88419019  1059.84666057  1222.44892956
  1475.4833932   1643.8597171 ] m
RPM: [[ 10.18321299   9.87106598  10.26580673   9.97577393  10.10428349
   10.26602843  10.17168424  10.6296564    2.35968684   9.84167657
    9.84503734   9.9207189 ]
 [ 10.38440249   9.51524709  10.45315056   9.9491354   10.23481775
    9.83700282  10.30894337   9.60359512  10.01725918  10.48181979
    3.80128842  10.02610768]
 [ 10.93778056   6.98074424  11.30672541  10.80347219   9.82849143
    9.70389557  10.17337896  10.02422966   2.74721118  10.91250112
    2.51168528  11.07393537]
 [ 10.24289719   9.98584776  10.98002539   9.2033031   10.26000671
    9.52613922   9.95655433   9.98171531  10.35141022  10.14567143
    2.48688418  10.29651803]
 [ 10.78596812   2.64371146  10.51638568  10.18285039  10.64522464
   10.60569671  10.02403307  10.29159194  10.03284713  10.41980779
    2.37067763  10.03345326]
 [ 10.221301     9.96780973  10.18372891   8.81937463  10.15645519
   10.14502587   9.95648415  10.09451357   9.89425947  10.12972351
    7.98094029   9.3080342 ]
 [ 12.83632938   2.89476434   4.57141805  10.57281887  10.18366137
   10.21651271   9.61408966  10.39970621   7.895541    10.57589472
   10.67745779   9.4980705 ]
 [ 11.07556395   9.72843384   7.2175162   10.10143106  10.34047056
    9.55182492   9.77351193   9.76552316  10.34406727   9.35610423
    3.30735527  11.24116507]
 [ 10.27884311  10.78168919  10.91329027   4.29118598   9.72310259
    8.37523636  10.14989017  11.59629793   9.7919016   10.84537974
    1.840921    10.58188971]
 [ 10.41305407   9.83992709   8.80425902  11.59799739   9.25021974
   10.07144838   8.7951872   10.78088256   4.04546894   9.25052737
    9.58534405  10.86272743]
 [ 10.50744104   2.0837871   11.32943179  10.28857639   9.58077463
   10.35588873   9.78406936  10.24697776   9.81737633  10.08857817
    8.37681481   9.10188184]
 [ 11.07258143   2.19853432  10.42093509  11.0367189   10.18088606
   10.25787436  10.01775542   9.00390362   9.8921446   10.29517159
    1.79522124  10.2694842 ]
 [ 10.15571815   9.40061352  10.32891836   9.10503818  10.17516703
    9.10052635  11.03991974  10.28918161  11.85641739   9.72224668
    1.9829426    2.57106097]
 [ 11.17382992  10.2061671    5.23764907  10.03011462  10.32030152
   10.00081413   8.56664253  10.05692083  10.15829734  10.31626609
   10.52114085  10.06539755]
 [ 10.08142502   9.10510446   9.93252421  10.3965302   10.4336318
   10.14242839  10.05412208   9.19570403   9.85525006  10.08503799
    7.04421167  10.45379731]
 [ 10.08337769  10.60561318  10.38685527  10.46306529  10.19421428
    8.75679646   9.64845033   9.23694087  10.1799299   10.32317569
    9.76645019   8.90791296]]
Effective wind speeds: [[ 13.36405123  12.56006148  14.          13.39512353  13.75781197
   13.92204565  13.99518526  13.48035112  13.5272025   14.          14.
   14.        ]
 [ 13.76876176  13.98157641  13.64510625  13.85401464  13.74913756
   13.65591609  13.65365062  14.          14.          14.          14.
   14.        ]
 [ 13.10717281  14.          13.34656651  14.          13.69719266  14.
   13.99389407  14.          13.67627545  14.          12.76141628  14.        ]
 [ 13.69007046  14.          13.71503761  14.          13.99542778  14.
   14.          14.          13.78187364  14.          13.96866967  14.        ]
 [ 13.99641583  14.          12.45572119  14.          13.4686266   14.
   13.47813869  14.          14.          14.          14.          14.        ]
 [ 14.          14.          13.95601685  14.          13.84079667  14.
   13.93457598  14.          14.          14.          13.82856115  14.        ]
 [ 14.          14.          14.          14.          13.97433342  14.
   13.57840533  14.          12.81453849  14.          14.          14.        ]
 [ 14.          14.          14.          13.82016782  14.          14.
   13.28152711  14.          13.95145025  14.          13.08991657
   13.72585603]
 [ 14.          14.          14.          12.5533411   13.38584106
   13.37877572  13.90053924  13.96153863  13.9611129   13.19198945
   13.6966769   13.51788225]
 [ 14.          14.          14.          13.98264527  13.96225342
   13.78863014  13.85976398  13.5787334   13.69737609  13.72412132  14.
   13.99941105]
 [ 14.          14.          14.          13.16992731  13.29905802
   13.29674245  14.          13.99336719  14.          13.75633777  14.
   13.44909507]
 [ 13.95547258  13.58884356  14.          13.60020246  14.          13.99449013
   14.          14.          14.          13.79658203  14.          13.99947972]
 [ 12.62343462  13.74165036  14.          13.46971608  14.          13.42063317
   14.          14.          14.          14.          14.          14.        ]
 [ 13.99601569  14.          14.          13.74146456  14.          14.
   14.          14.          14.          13.81019127  14.          14.        ]
 [ 14.          12.91258201  14.          13.99478737  13.59515558  14.
   14.          12.9765388   14.          14.          14.          14.        ]
 [ 14.          13.78043476  14.          14.          13.40688299
   13.91816836  14.          13.99782645  13.23105691  13.76404695  14.
   14.        ]] m/s
Max SPL: 40.5645971039 dB
SPL: [[ 40.17072211  39.92343806  39.6214368   39.55728006  36.56569384
   40.1484092   40.01022729]
 [ 40.21694947  40.12775134  39.57565553  39.27748571  37.1230807
   40.12993128  39.92879529]
 [ 40.15658572  40.15962764  39.77662194  39.45148058  36.51142219
   40.06548662  40.06344965]
 [ 40.28817592  40.14368358  39.61150343  38.99231225  36.54289305
   40.23932526  40.04821621]
 [ 40.1922387   40.20307788  39.60601118  39.46847185  36.50580012
   40.23282581  39.97523731]
 [ 40.18458052  40.06584929  39.66740303  39.30952688  36.42846091
   40.20352695  39.83844193]
 [ 40.28066229  40.32919612  39.86563307  39.94534647  36.65393131
   40.53831857  39.85354835]
 [ 40.20362456  40.07770422  39.78578076  39.58477289  36.35969175
   40.1251855   39.83053713]
 [ 40.22402451  40.2435228   39.92034055  39.58180464  36.71119579
   40.25323503  40.06749519]
 [ 40.28351536  40.19796589  39.89713006  39.82413032  37.19538568
   40.18625824  39.67875854]
 [ 39.99109828  40.02265274  39.47884441  39.30153474  36.48657317
   40.17746963  39.98324164]
 [ 40.11525585  40.01573704  39.49515595  38.86339109  36.42515801
   40.12456592  39.92943065]
 [ 40.15063827  39.89778317  38.80953759  38.65067167  36.37295499
   40.10069521  39.9463248 ]
 [ 40.4148735   40.44855788  40.29589203  40.08609042  36.64784428
   40.5645971   39.7492295 ]
 [ 40.21159648  40.07350585  39.56551884  39.516421    36.47905091
   40.25687612  39.85303585]
 [ 40.40277557  40.18050794  39.69932653  39.62841505  36.6617917
   40.46602361  40.20953044]] dB
