
CONSTRAINT SATISFIED COMPLETELY
Wind Directions: [   0.    22.5   45.    67.5   90.   112.5  135.   157.5  180.   202.5
  225.   247.5  270.   292.5  315.   337.5] degrees
AEP: 258041695.416 kWh
X-locations (initial): [ 460.  850.  320.  750.  180.  630.  100.  540.  110.  470.  100.  440.] m
X-locations (final): [  528.89425255  1200.            67.45866896  1130.88113374   374.07318137
   988.04152808   256.06316326   804.34678822   173.34363202   908.12836828
     0.           461.60286528] m
Y-locations (initial): [  140.   320.   350.   500.   590.   770.   850.  1000.  1150.  1300.
  1430.  1570.] m
Y-locations (final): [    0.            57.31047735   126.25330994   443.62324424   609.31549548
   692.3323649    811.79455553   926.51442683  1362.4570178   1585.37962491
  1650.          1532.33867313] m
RPM: [[ 15.92756859  15.92087585  15.91131562  16.1         15.89968058
   16.00998234  16.04894493  16.04952527  16.1         16.1         16.1
   16.1       ]
 [ 16.08561522  16.1         16.01594514  16.1         16.08083283  16.1
   16.05424955  16.1         16.1         16.1         16.1         16.1       ]
 [ 16.07903867  16.1         15.691104    16.1         15.80021985  16.1
   16.03983563  16.1         15.87205807  16.1         16.1         16.1       ]
 [ 16.1         16.1         16.06289549  16.1         16.1         16.1
   16.06072871  16.1         15.22744921  16.1         16.1         16.09853232]
 [ 15.76474012  16.1         15.73043767  16.1         16.04636083  16.1
   16.08883217  16.1         16.1         16.1         15.61521023
   15.59201566]
 [ 16.1         16.1         15.76910425  16.1         16.1         16.1
   15.08858206  16.1         16.1         16.1         15.90517946  16.1       ]
 [ 16.1         16.1         16.1         16.1         16.1         15.66015979
   15.08213281  13.89270955  15.58575778  16.1         15.32146147  16.1       ]
 [ 16.1         16.1         16.1         15.87304112  15.93861243
   14.44196359  14.33390983  15.45337115  16.03305051  16.1         15.18478509
   16.05047884]
 [ 16.1         16.1         16.1         15.92093883  16.1         16.1
   16.1         16.1         16.00680135  15.99669578  15.92812435
   15.83532002]
 [ 16.1         16.1         16.1         16.1         16.02260997  16.1
   16.06738302  16.08553777  16.1         16.08055843  16.1         16.05423408]
 [ 16.1         16.1         16.1         16.07894     16.1         16.1
   16.1         15.59301541  16.1         16.03988609  16.1         15.87229642]
 [ 16.1         16.1         16.1         16.06317454  16.1         16.1
   16.1         16.06055015  16.1         15.74597307  16.1         15.30447957]
 [ 16.09947827  15.60091089  16.1         16.1         16.1         16.04534035
   16.1         16.1         16.1         15.39789947  16.1         16.09520121]
 [ 15.76790186  16.1         16.1         15.08866897  16.1         16.1
   16.1         16.1         16.1         16.1         16.1         15.90525384]
 [ 16.1         16.09679596  16.1         15.31760712  15.0814124
   13.83681061  16.1         15.8190378   15.8109278   16.1         16.1
   16.1       ]
 [ 15.46065091  14.84413162  16.1         14.82183605  14.34549635
   16.04892085  15.86396768  16.05185653  15.42902607  16.1         16.1
   16.1       ]]
Effective wind speeds: [[ 13.85007089  13.84424879  13.83590695  14.          13.82575508
   13.92172391  13.95561567  13.95599097  14.          14.          14.
   14.        ]
 [ 13.98745566  14.          13.92695983  14.          13.98329867  14.
   13.96016683  14.          14.          14.          14.          14.        ]
 [ 13.98174877  14.          13.64440446  14.          13.73930432  14.
   13.94768312  14.          13.80198871  14.          14.          14.        ]
 [ 14.          14.          13.96802311  14.          14.          14.
   13.96568677  14.          13.24259666  14.          14.          13.99872218]
 [ 13.7084745   14.          13.67846083  14.          13.95348299  14.
   13.99028238  14.          14.          14.          13.57859532
   13.55813869]
 [ 14.          14.          13.71193361  14.          14.          14.
   13.12049492  14.          14.          14.          13.83084203  14.        ]
 [ 14.          14.          14.          14.          14.          13.61833861
   13.11426183  12.08589633  13.55383571  14.          13.32274227  14.        ]
 [ 14.          14.          14.          13.80258836  13.85881453
   12.55839006  12.46407861  13.43737878  13.94166373  14.          13.20388197
   13.9570284 ]
 [ 14.          14.          14.          13.84424879  14.          14.
   14.          14.          13.91874129  13.91020055  13.85068986
   13.7701304 ]
 [ 14.          14.          14.          14.          13.93270822  14.
   13.97159783  13.98745566  14.          13.98329867  14.          13.96016683]
 [ 14.          14.          14.          13.98174877  14.          14.
   14.          13.55908003  14.          13.94768312  14.          13.80198871]
 [ 14.          14.          14.          13.96802311  14.          14.
   14.          13.96568677  14.          13.69220885  14.          13.30795517]
 [ 13.99954575  13.56597886  14.          14.          14.          13.9524789
   14.          13.99989972  14.          13.3894217   14.          13.99582166]
 [ 13.71193361  14.          14.          13.12049492  14.          14.
   14.          14.          14.          14.          14.          13.83084203]
 [ 14.          13.99723193  14.          13.32071455  13.11426605
   12.02958644  14.          13.75492832  13.74864309  14.          14.
   14.        ]
 [ 13.44368324  12.90721828  14.          12.88746453  12.47496983
   13.9558122   13.79554492  13.95828492  13.41760181  14.          14.
   14.        ]] m/s
Max SPL: 48.8984383909 dB
SPL: [[ 48.80205479  48.28286543  47.8251743   48.04070769  44.19803518
   48.43438059  46.77159438]
 [ 48.6204722   48.2996315   47.85405438  48.05992693  44.25406973
   48.59868301  46.87808621]
 [ 48.78821174  48.30261964  47.8214815   47.98389823  44.09930117
   48.62788052  46.81763064]
 [ 48.89843839  48.29882932  47.79261922  48.12372275  44.08706208
   48.56422736  46.8391544 ]
 [ 48.87697846  48.26887666  47.72607818  47.76275881  44.04505345
   48.53629762  46.78437965]
 [ 48.88435994  48.26873548  47.72148871  47.95479402  44.04829433
   48.54707258  46.76240955]
 [ 48.70180795  47.84653643  47.48733826  47.67694717  43.80141929
   48.2614447   46.57332571]
 [ 48.61652179  47.95058388  47.49898302  47.67301831  43.7537409
   48.14831504  46.45223834]
 [ 48.83681434  48.27929332  47.78907476  47.98887123  44.19487852
   48.41577757  46.79617251]
 [ 48.61990564  48.29447529  47.84538786  48.05272216  44.25313264
   48.59638589  46.88218825]
 [ 48.78445434  48.27371443  47.79192024  47.97426966  44.12675506
   48.65447781  46.87308862]
 [ 48.88417094  48.24952897  47.7039905   48.10041092  44.09747521
   48.59931644  46.85553699]
 [ 48.80305175  48.22205301  47.6792704   47.83918832  44.11909118
   48.63761597  46.86588632]
 [ 48.77462809  48.2050557   47.71523717  47.98678791  44.10398937
   48.62710226  46.83710695]
 [ 48.55210663  47.79789354  47.56290129  47.86586929  43.91221393
   48.45173868  46.64092914]
 [ 48.26658563  47.89491367  47.56320895  47.81617295  43.79834256
   48.25617962  46.42930046]] dB
