
CONSTRAINT SATISFIED WITHIN LIMITS
Wind Directions: [   0.    22.5   45.    67.5   90.   112.5  135.   157.5  180.   202.5
  225.   247.5  270.   292.5  315.   337.5] degrees
AEP: 128376030.074 kWh
X-locations (initial): [ 460.  850.  320.  750.  180.  630.  100.  540.  110.  470.  100.  440.] m
X-locations (final): [ 538.59849963  750.3142368   406.00905091  596.70091744  298.94944324
  671.80241819  370.06896795  635.43206064  463.66788416  686.66960644
  544.44310471  584.06327419] m
Y-locations (initial): [  140.   320.   350.   500.   590.   770.   850.  1000.  1150.  1300.
  1430.  1570.] m
Y-locations (final): [    0.           350.26784847   121.73757878   444.09187586   266.4380985
   762.84011321   528.15344761   939.12737052   885.30295526  1502.10834851
  1358.36705563  1650.        ] m
RPM: [[ 10.26400099  10.07913035  10.25794753  10.03582232  10.23939819
    9.90627238  10.13153414   9.8882774   10.00751397   9.93570964
    9.90389722   9.97233125]
 [ 10.19181164   9.91140305  10.21453386  10.00042434  10.22873796
    9.8148807   10.10589038   9.88073893   9.99033661   9.83744726
    9.92805456   9.98249724]
 [ 10.23654016  10.14161579  10.20578837  10.14402978  10.21626343
   10.04092848  10.0706802   10.00549836   9.97746179   9.98182986
    8.71940736  10.01062417]
 [ 10.24035793   9.94916757  10.25079626  10.01987276  10.22654821
    9.84228974  10.12487275   9.78609107   9.88047765   9.77918089
    9.84917635   9.87679059]
 [ 10.22375507   9.97469279  10.21541093  10.01540765  10.17489048
    9.85926903  10.06431993   9.79922944   9.88542747   9.79415662
    9.83088003   9.85670142]
 [ 10.27350863  10.00386193  10.18609836   9.90329767  10.29194114
    9.89928481  10.07778842   9.97965672   9.97102172   9.77224937
    9.87285582   9.77567078]
 [ 10.17679499  10.12728444  10.06226858  10.10839232   9.99940829
   10.02594867  10.05838158   9.96941605   9.91438896   9.93266352
    9.90262001   9.8972864 ]
 [ 10.1667312   10.04854467  10.15724791  10.07464045  10.11661684
    9.95082003   9.95382748   9.90376581   9.90035668   9.98303727
    9.92571082   9.9734309 ]
 [ 10.21888481  10.02538828  10.2247852   10.03072225  10.21933196
    9.94420128  10.123941     9.90610249  10.01301595   9.96966032
    9.96149141   9.99138777]
 [ 10.1932459    9.93995323  10.19869649  10.01046726  10.19295027
    9.85164094  10.02926779   9.91196169   9.9946006    9.86937483
    9.94788136  10.00733789]
 [ 10.22116761  10.21154293  10.1577631   10.15999752  10.15626565
   10.05247803  10.001687    10.04509553   9.91684353   9.93353102
    8.89238342   9.97717023]
 [ 10.24078759  10.11359772  10.21485106  10.1120582   10.14893582
   10.06221376  10.07835518   8.8904464    9.94576079  10.01092563
    9.94472347  10.01887119]
 [ 10.21639152  10.08798133  10.19205893  10.09229741  10.1348888
    9.98853862  10.05923058   9.10775601   9.92907671   9.9625118
    9.91108623   9.97122699]
 [ 10.29273856  10.0699519   10.19790433   9.94988724  10.22309172
    9.95770878  10.07308727  10.08221445   9.9767843    9.88604406
    9.44685825   9.8348806 ]
 [ 10.23509016  10.19280345  10.03906319  10.12750777   9.96538843
   10.08316938   9.9567349    9.99126152   9.87079429   9.92025816
    9.86631032   9.89965219]
 [ 10.20261307  10.13685364  10.15119067  10.06182885  10.07307473
    9.94516089   9.92857672   9.9415383    9.86674278   9.9807945
    9.88850606   9.95686633]]
Effective wind speeds: [[ 13.53764603  13.92154545  13.52636716  13.33723211  13.80082574
   13.27918403  13.96743     13.61378796  13.8899627   14.          13.32086533
   14.        ]
 [ 13.71852074  14.          13.3369609   13.80707737  13.40823017  14.
   13.75618794  14.          13.67316781  14.          13.86916646  14.        ]
 [ 13.99863779  14.          13.90455443  14.          13.92558947  14.
   13.49699345  14.          13.93042753  14.          12.77967462  14.        ]
 [ 14.          14.          13.9779785   14.          13.7704771   14.
   13.999656    14.          12.80199266  14.          13.98083612  14.        ]
 [ 14.          14.          14.          13.98400218  13.98730331  14.
   13.92848794  14.          13.79015605  14.          14.          14.        ]
 [ 14.          14.          13.65309854  12.96833151  13.97779176  14.
   12.51278604  14.          13.17535693  14.          14.          13.99342226]
 [ 14.          14.          12.79506804  13.58454743  12.3110909   14.
   14.          13.99569814  13.86481923  14.          14.          13.08220613]
 [ 14.          14.          13.96924107  14.          13.6017907
   13.92837708  13.55633463  13.10703638  13.50075773  14.          13.84556689
   13.52577525]
 [ 14.          14.          14.          13.65871964  14.          13.83868351
   13.540265    13.20787506  13.73871969  13.34371744  13.72567504
   13.20671127]
 [ 14.          13.6959547   14.          13.55861448  14.          13.40045556
   13.48513209  13.70061637  13.75341325  13.61675001  13.99962148
   13.96596865]
 [ 14.          13.90416251  14.          13.9260523   14.          13.50227819
   14.          13.93211674  14.          13.13200353  14.          14.        ]
 [ 14.          13.96002789  14.          13.7643872   14.          13.99963263
   14.          12.74647114  14.          13.97991377  14.          14.        ]
 [ 14.          13.97862737  14.          13.92785088  14.          14.
   14.          13.78227833  14.          14.          14.          14.        ]
 [ 13.65857558  12.47639467  13.97903407  12.96240213  14.          13.1572884
   14.          14.          14.          13.99330282  14.          14.        ]
 [ 12.29296352  13.58452241  12.9502606   14.          14.          13.87047841
   14.          14.          14.          13.09067658  14.          14.        ]
 [ 13.58303528  13.87001743  13.61307215  13.53931651  14.          13.09919799
   14.          13.87144733  14.          13.52921196  14.          14.        ]] m/s
Max SPL: 40.5000000073 dB
SPL: [[ 40.5         40.5         40.34368837  40.07980329  36.79158306  40.5
   39.74130504]
 [ 40.5         40.5         40.31601107  40.0501784   36.69388782  40.5
   39.66453011]
 [ 40.5         40.5         40.22902707  39.91838216  36.6004683   40.5
   39.68249074]
 [ 40.5         40.5         40.26505891  39.59670121  36.62223384  40.5
   39.6867944 ]
 [ 40.5         40.5         40.256221    39.95691577  36.61644398  40.5
   39.67586446]
 [ 40.5         40.5         40.5         39.98826222  36.61567157  40.5
   39.67440242]
 [ 40.5         40.5         40.13351579  40.02755649  36.60557321  40.5
   39.62443773]
 [ 40.5         40.5         40.30978549  40.05228349  36.61700937  40.5
   39.58193411]
 [ 40.5         40.5         40.33633362  40.07241477  36.79550517  40.5
   39.73943011]
 [ 40.5         40.5         40.31993054  40.05528823  36.6964632   40.5
   39.66587813]
 [ 40.50000001  40.50000001  40.22544129  39.92004434  36.59693438
   40.50000001  39.67273232]
 [ 40.5         40.5         40.3058352   39.634781    36.62002418  40.5
   39.67483176]
 [ 40.5         40.5         40.28694505  39.98943313  36.61530432  40.5
   39.66822833]
 [ 40.5         40.5         40.5         39.98185642  36.61770983  40.5
   39.68073923]
 [ 40.5         40.49997966  40.13220603  40.03015447  36.60607408  40.5
   39.62624412]
 [ 40.5         40.5         40.30863145  40.05288022  36.61583095  40.5
   39.57853113]] dB
