
CONSTRAINT SATISFIED WITHIN LIMITS
Wind Directions: [   0.    22.5   45.    67.5   90.   112.5  135.   157.5  180.   202.5
  225.   247.5  270.   292.5  315.   337.5] degrees
AEP: 241064035.384 kWh
X-locations (initial): [  523.67119291  1200.            74.14717779  1126.37800913   381.72271461
   902.14896711   158.83606742   690.57802428    65.85430079   480.62123205
     0.           565.10212808] m
X-locations (final): [ 490.47260256  993.18951371  131.05229783  889.66148166  416.91820294
  822.52061067  345.00362579  756.62417975  281.23286447  695.81042348
  222.78408465  773.62827562] m
Y-locations (initial): [    0.            53.36510941   110.53977547   426.51549141   537.74545889
   620.61492594   869.55818156   972.66940032  1249.49052419  1307.00375429
  1585.98075981  1650.        ] m
Y-locations (final): [   46.49294312   172.0219404    116.81723893   326.5800711    491.28122226
   560.4037292    844.10280129   929.9061169   1262.3036974   1321.37136998
  1603.32862656  1650.        ] m
RPM: [[ 14.2464688   13.5081767   14.31554769  13.65791308  14.23050322
   13.65137718  14.06066631  13.11740779  13.79011451  14.22924749
   14.26531992  14.26621923]
 [ 14.25447825  13.96572251  13.67159357  14.13314305  13.70525347
   14.207013    13.71487865  14.2816889   13.79773291  13.65434779
   13.75987554  14.29022114]
 [ 13.72532334  13.27338019  14.06027365  13.45881369  13.78646251
   13.72792324  14.21727863  14.23206418  13.69328155  14.34068447
   13.68156655  14.37683463]
 [ 13.72059836  13.3619916   14.21013151  13.57742005  14.00833104
   13.93526522  13.65052403  14.13530566  13.73380643  14.28541316
   13.73057363  14.36973782]
 [ 14.07873801  13.32859682  13.68952064  13.52663116  13.8136112
   13.76814615  14.25112922  14.2645774   13.74855816  14.32642704
   13.56926467  14.38896278]
 [ 14.23301449  13.44375643  14.22550747  13.45671823  13.20230213
   13.80409832  13.7288087   14.26226053  14.02119943  14.29481733
   13.63938797  14.39933079]
 [ 14.40111147  13.31201483  14.36981424  12.6550756   14.31725468
   14.3313311   13.0595683   14.32780827  13.74734941  14.33314988
   13.66046773  14.3911339 ]
 [ 14.6847602   13.9729062   14.47722443  13.11169516  14.3504039
   11.64792341  13.64764178  14.14649085  13.79097324  14.41642413
   13.60619852  14.62234633]
 [ 14.27166811  13.39352631  14.40063889  13.58928988  14.23273152
   13.69630511  14.23646711  13.6155351   14.11562939  14.2579586
   14.02135283  13.34096265]
 [ 14.27013295  13.79496571  14.22739689  14.20146335  13.80418294
   14.20266758  13.75452163  14.26370633  13.75446784  13.69597048
   13.71394341  13.6878547 ]
 [ 13.99824078  13.28536907  14.27607245  13.39271889  13.7233022
   13.72240108  14.20535929  14.03460216  13.80580409  14.31343081
   13.63352942  14.07675025]
 [ 14.20575527  13.2682206   14.26445479  13.63961444  14.14276519
   13.77484866  13.76635855  13.75950814  13.68610396  14.27141612
   13.66593554  14.3638768 ]
 [ 13.63720029  13.33826318  14.22611139  13.71672221  14.22868008
   13.7723899   14.15664315  14.25622977  13.73068297  13.99044226
   13.66053618  13.80247184]
 [ 14.2321195   13.54160378  14.29680299  13.17326805  13.71068936
   13.7950813   14.01771819  14.29489564  13.69785913  14.04591889
   13.59297327  14.38919377]
 [ 14.58759275  12.70029868  14.35765448  13.23679636  14.32687477
   14.48372903  13.47875551  14.32810499  13.52660806  14.32203822
   13.45312614  14.37668397]
 [ 14.74473483  12.87644393  14.48637116  12.74041105  13.8183102
   13.04398743  14.11872444  14.44579118  13.54935705  14.44851597
   13.64414773  14.59650522]]
Effective wind speeds: [[ 13.89798638  14.          13.86948876  13.81728099  13.8848099
   13.64528152  13.78519311  12.76373592  13.66542011  13.70727216  14.
   14.        ]
 [ 13.97247972  14.          13.50356162  14.          13.7790753   14.
   13.83645073  14.          14.          13.55339177  14.          14.        ]
 [ 13.8313585   14.          13.78009318  14.          13.86276374  14.
   13.98304746  14.          13.66907149  14.          14.          14.        ]
 [ 13.72953988  14.          13.91503213  14.          13.90192302  14.
   13.72286635  14.          13.98134414  14.          14.          14.        ]
 [ 14.          14.          13.48688263  14.          13.86198005  14.
   13.98016423  14.          13.69767668  14.          13.4870019   14.        ]
 [ 14.          14.          13.89200803  13.99739387  13.02159688  14.
   13.76039041  14.          13.99730491  14.          13.74811339  14.        ]
 [ 14.          14.          14.          12.24450506  14.          14.
   12.79178182  14.          13.97923105  14.          13.91681249  14.        ]
 [ 14.          14.          14.          12.83348207  13.96981391
   11.08846586  13.48676108  13.5909666   13.96840592  13.91887282
   13.69581228  14.        ]
 [ 14.          14.          14.          14.          13.89866514
   13.82734658  13.8842397   13.81727714  13.78053682  13.74095079
   13.63827729  12.78639284]
 [ 14.          14.          14.          14.          13.99786915
   13.98542686  13.936625    13.9766257   14.          13.60473325  14.
   13.40923846]
 [ 14.          14.          14.          13.81834733  13.77155685  14.
   14.          13.8668893   14.          13.98325417  14.          13.68893446]
 [ 14.          13.69742315  14.          13.90755132  14.          13.89957903
   14.          13.73504953  14.          13.98261633  14.          14.        ]
 [ 13.54038254  13.72771317  14.          14.          14.          13.85431577
   14.          13.98037091  14.          13.71755275  14.          13.52782707]
 [ 13.89137577  13.70408382  14.          13.02871331  14.          13.7538676
   14.          13.99747928  14.          13.76858546  14.          14.        ]
 [ 14.          11.89861634  14.          13.15336913  14.          13.98175269
   14.          13.92523617  14.          14.          14.          14.        ]
 [ 13.9705517   11.94407233  14.          11.97671628  13.49752556
   13.75395385  13.96958168  13.91957702  13.70326287  14.          14.
   14.        ]] m/s
Max SPL: 46.0004412313 dB
SPL: [[ 46.00000226  45.96131674  45.77444819  45.73629129  42.47367076
   46.00000242  44.87184425]
 [ 46.00000003  45.99066817  45.76016857  45.61604205  41.9033535
   46.00000003  44.70492258]
 [ 46.00000013  45.93134914  45.79512431  45.6082161   41.84227769
   46.00000016  44.70077412]
 [ 46.00000033  45.94985879  45.78927038  45.64841837  41.85091673
   46.00000039  44.71902834]
 [ 45.9999975   45.95882637  45.78618201  45.59126926  41.84047491
   45.99995778  44.68446645]
 [ 46.00000045  45.93582707  45.88551184  45.63529539  41.84196744
   46.00000042  44.70095717]
 [ 46.00000011  46.00000015  45.66068043  45.63386794  41.8727234
   46.00000015  44.74548558]
 [ 46.00000085  45.80609412  45.79733926  45.65067927  41.88157634
   46.00000118  44.71586245]
 [ 46.00000498  45.92024557  45.56390789  45.58819698  42.49855124
   46.00000668  44.90179122]
 [ 46.00000123  45.92763564  45.59658409  45.50402128  41.91194747
   46.00000105  44.7853477 ]
 [ 46.00000141  45.8792523   45.70519529  45.55078704  41.84601892
   46.0000024   44.73645579]
 [ 45.99999414  45.90991703  45.75499554  45.60740602  41.86322109
   45.99999699  44.76126961]
 [ 46.00000028  45.87305725  45.60367369  45.4986743   41.84410337
   46.00000013  44.74440718]
 [ 46.00000018  45.91514385  45.84934906  45.59404361  41.85629895
   46.00000037  44.74801023]
 [ 46.00002163  46.00003073  45.6519939   45.59555572  41.89023479
   46.00006371  44.78648627]
 [ 45.80387878  45.78738387  45.8065748   45.65966172  41.86831964
   46.00044123  44.68582546]] dB
