
CONSTRAINT SATISFIED WITHIN LIMITS
Wind Directions: [   0.    22.5   45.    67.5   90.   112.5  135.   157.5  180.   202.5
  225.   247.5  270.   292.5  315.   337.5] degrees
AEP: 189791858.215 kWh
X-locations (initial): [ 460.  850.  320.  750.  180.  630.  100.  540.  110.  470.  100.  440.] m
X-locations (final): [ 492.47500624  903.98823693  383.25930152  763.23535357  303.46389984
  736.20747006  269.09693449  682.19166296  340.45111622  638.47642196
  398.95293385  588.5519859 ] m
Y-locations (initial): [  140.   320.   350.   500.   590.   770.   850.  1000.  1150.  1300.
  1430.  1570.] m
Y-locations (final): [   22.24354264   303.76560497   165.32374472   415.96476511   326.67030059
   818.32582095   672.96990962   990.28057754   939.90648021  1350.3210216
  1340.44246751  1650.        ] m
RPM: [[ 12.84117705  11.15873911  12.73232896  12.4819372   11.49473467
   12.5663778   12.57394898  12.63487362  10.28647021  11.53373735
   11.38046499  12.80691307]
 [ 12.90455114  12.59792911  12.83705898  12.6598226   12.8839423
   10.34567082  12.63841975  12.56876109  11.35342423  12.61538746
   10.42672292  11.43651828]
 [ 12.71448857  10.97144188  12.79398181  12.6421622   12.73134867
   12.64917512  10.43014131  12.68276631  11.19878062  11.82219466
   10.35364167  12.78327414]
 [ 13.00208711  10.35637536  12.89448255  12.64668161  12.85236378
   12.51996195  11.25122356  12.55119413  10.40007788  12.55152299
   10.35049364  12.61063636]
 [ 12.9096553   10.46452816  12.87674581  12.76510424  11.76480274
   12.79768866  11.41836019  12.77295668  11.15079995  11.72368295
   10.3391742   12.84030275]
 [ 12.99359799  11.31028673  12.91311912  11.42138552  12.84491652
   12.66241346  10.42644834  12.66825194  10.36827135  12.24288033
   11.30013085  12.71877474]
 [ 12.81163592  12.75825115  10.44557108  10.49042981  12.64658066
   12.87480574  12.63226371  12.77209018  10.32412032  12.81199698
   10.30974329  12.81536345]
 [ 12.74224264  12.57493554  12.625652    12.68360475  10.50543552
   10.37784893  10.6794173   11.28680614  12.70881633  12.87365868
   11.61540894  12.86757988]
 [ 12.99669387  11.32166161  12.96841553  11.32615866  12.78754847
   12.56326289  11.59816749  12.60803852  10.43695025  12.62362023
   10.74692629  12.74071421]
 [ 12.74185676  12.53981587  12.75856893  12.62827231  12.80373238
   12.60009854  12.67855948  10.41551929  11.24834638  11.62003034
   10.62990048  12.69353051]
 [ 12.68404847  11.19648268  12.78107744  12.68287254  12.76617824
   11.76403013  11.09667038  12.71294679  10.32962559  12.75369781
   10.28376609  12.77799999]
 [ 12.99232818  10.39456383  12.91116995  12.66230937  12.83223084
   12.51339962  11.17031074  12.5763315   10.37116358  12.57548541
   10.33868329  12.63112543]
 [ 12.87321479  10.37342506  12.86102163  12.74334736  12.74858437
   12.8160275   11.50302689  12.76315346  10.3839203   11.67003299
   10.32156188  12.89133478]
 [ 12.84565253  11.07182842  12.83802134  12.58187124  12.78566655
   11.61756566  10.36084432  12.73327486  10.35744672  12.75409865
   11.16800513  12.7963522 ]
 [ 11.2624882   11.55352765  12.56732702  12.70011786  12.79178295
   12.74456089  11.63609948  12.63556425  10.37667882  12.71350772
   10.30646032  12.71877337]
 [ 12.73595716  12.63979902  11.32164771  12.85099054  11.66061885
   10.43868767  10.63956902  11.6534202   12.65969122  12.8099327
   11.17246489  12.87548648]]
Effective wind speeds: [[ 13.9096921   14.          13.57659941  12.96913784  12.97447847
   13.558226    13.77784713  13.52075808  13.53767569  13.54051046  14.
   14.        ]
 [ 13.95008905  14.          13.61788676  14.          13.91038935  14.
   13.3069766   14.          13.70956992  14.          13.47952438  14.        ]
 [ 13.94109039  14.          13.91781531  14.          13.56708281  14.
   13.62574022  14.          13.9622511   14.          13.98367682  14.        ]
 [ 13.99877038  14.          13.81660714  14.          13.93043259  14.
   13.13020051  14.          13.86386784  14.          13.85168843  14.        ]
 [ 14.          14.          14.          14.          13.30498238  14.
   14.          14.          13.57431568  14.          12.47409001  14.        ]
 [ 14.          14.          13.94286483  13.25128783  14.          14.
   13.34306243  14.          13.36471037  14.          14.          14.        ]
 [ 14.          14.          11.85932249  12.3674712   13.29974399  14.
   14.          13.86550318  13.44675728  14.          13.09780932  14.        ]
 [ 14.          14.          13.36751784  13.99595782  11.80959518
   13.11793428  13.24289045  12.26848213  14.          13.96210833
   13.38675895  13.57318047]
 [ 14.          14.          14.          14.          13.96965853
   13.27458575  13.15162423  13.54346139  12.92956808  13.3981777
   13.32260976  13.49755388]
 [ 14.          14.          14.          13.96277316  14.          13.76973465
   14.          13.61861105  13.15354973  13.8235653   13.99845114
   13.45528842]
 [ 14.          13.91689252  14.          13.91422191  14.          13.55681955
   14.          13.73528155  14.          13.97344094  14.          13.99073219]
 [ 14.          13.67629802  14.          13.92590658  14.          13.35288444
   14.          13.91713207  14.          13.91047891  14.          14.        ]
 [ 14.          12.83966116  14.          13.99039702  14.          13.99973546
   14.          13.7514425   14.          12.90516239  14.          14.        ]
 [ 13.9445386   12.92949624  14.          13.55915558  14.          13.62335098
   14.          14.          14.          14.          14.          14.        ]
 [ 11.65949409  12.31133241  13.25545361  13.83294777  14.          13.85946311
   14.          13.49586445  14.          14.          14.          14.        ]
 [ 13.18264575  13.11488178  12.41804747  13.56546349  13.987557
   12.08060309  14.          13.960043    14.          13.57588409  14.
   14.        ]] m/s
Max SPL: 43.5004461163 dB
SPL: [[ 43.50004255  43.50002952  43.14382063  42.99230551  39.90554658
   43.50003795  42.71620394]
 [ 43.50000266  43.5000014   42.96495502  42.77839846  40.07181938
   43.50000124  42.77008731]
 [ 43.50010701  43.500114    43.09621946  42.87538731  39.5102223
   43.50018116  42.53273878]
 [ 43.50000114  43.50000176  43.11620971  42.74557813  39.55344899
   43.50000191  42.59705262]
 [ 43.50000756  43.50000471  43.0952575   42.85504122  39.53059057
   43.5000031   42.54592205]
 [ 43.50001454  43.50002231  43.34142967  42.97841277  39.53240116
   43.5000196   42.53577939]
 [ 43.50015113  43.48373105  43.06738803  42.98240708  39.49501886
   43.50007185  42.4419246 ]
 [ 43.49996355  43.32337689  43.14414069  43.03669517  39.46458194
   43.49999587  42.50410133]
 [ 43.50003009  43.5000377   43.17307422  42.98937965  39.93710558
   43.50002967  42.80005853]
 [ 43.50001019  43.50000856  43.04718637  42.89483444  40.06414123
   43.50000635  42.75282794]
 [ 43.50042674  43.50027659  43.13971352  42.91064847  39.51681168
   43.50017125  42.54283093]
 [ 43.5000039   43.50000429  43.11972202  42.74907021  39.55360308
   43.50000396  42.59670335]
 [ 43.50001425  43.48240182  43.0783072   42.84100702  39.5483487
   43.50000916  42.59768901]
 [ 43.50001305  43.50001853  43.32190341  43.00808597  39.53026147
   43.50002796  42.52357657]
 [ 43.50008595  43.50015527  43.04685704  42.96004519  39.51538435
   43.50013052  42.4900779 ]
 [ 43.50044612  43.34121681  43.14602595  43.02290041  39.4674506
   43.50036074  42.51215598]] dB
