
CONSTRAINT SATISFIED WITHIN LIMITS
Wind Directions: [   0.    22.5   45.    67.5   90.   112.5  135.   157.5  180.   202.5
  225.   247.5  270.   292.5  315.   337.5] degrees
AEP: 256660083.182 kWh
X-locations (initial): [  523.67119291  1200.            74.14717779  1126.37800913   381.72271461
   902.14896711   158.83606742   690.57802428    65.85430079   480.62123205
     0.           565.10212808] m
X-locations (final): [  524.54135451  1200.            74.96028391  1126.49638224   382.57342499
   902.75358134   159.39658016   691.27967307    66.00386967   481.39353283
     0.           566.04492713] m
Y-locations (initial): [    0.            53.36510941   110.53977547   426.51549141   537.74545889
   620.61492594   869.55818156   972.66940032  1249.49052419  1307.00375429
  1585.98075981  1650.        ] m
Y-locations (final): [    0.            53.56798993   110.3583343    426.19092265   537.29351584
   620.06111964   868.63690973   971.92759508  1248.48184299  1306.24649604
  1585.76222049  1650.        ] m
RPM: [[ 15.52106622  15.97828539  15.29934349  16.1         16.00598882  16.1
   16.09226544  16.1         15.86363446  15.88821662  16.1         16.1       ]
 [ 16.0807334   16.1         16.00975085  16.1         16.09421644  16.1
   15.777538    16.1         16.1         15.54788465  16.1         16.1       ]
 [ 16.09223774  16.1         16.06105178  16.1         16.08164803  16.1
   16.04346873  16.1         15.60988158  16.1         16.1         16.1       ]
 [ 16.08141233  16.08800657  16.02510491  16.08507414  16.06649841
   16.08092999  16.03210922  16.07314422  16.01314346  16.06263766
   16.0199395   16.06756738]
 [ 15.69958408  16.1         15.58666081  16.1         16.04588237  16.1
   16.09597502  16.1         15.7010163   16.1         15.85677983  16.1       ]
 [ 16.1         16.1         15.93336534  16.1         16.09337064
   16.02057114  15.2451757   16.1         14.52871174  16.1         15.68404616
   16.1       ]
 [ 16.1         16.1         16.1         16.1         16.1         14.02234461
   15.71370198  15.77669216  15.65975642  15.93480989  15.30645713  16.1       ]
 [ 16.1         16.1         16.1         15.66419137  15.69253964
   15.76671485  15.08701057  15.76771281  14.59072084  15.87031442
   15.19497396  15.51920172]
 [ 16.1         16.1         16.1         15.97829488  16.1         16.1
   15.86647155  16.1         15.34528425  15.71173219  15.83044175
   15.61177248]
 [ 16.1         16.1         16.1         16.1         16.09573545
   16.08073012  16.1         16.09420098  16.1         16.01014158  16.1
   15.46055073]
 [ 16.08597231  16.09278132  16.08346639  16.08348778  16.04363288
   16.08849248  16.06917872  16.06554033  16.04957185  16.02244727
   16.05101164  15.58564648]
 [ 16.07995084  16.08706854  16.06929733  16.03656124  16.06719761
   16.07629455  16.04554151  16.05304557  16.02257297  16.04375093
   16.01351728  16.0649967 ]
 [ 16.08893865  15.44886281  16.1         16.07597039  16.1         16.05141618
   16.1         16.09597822  16.1         15.70068968  16.1         15.85703437]
 [ 15.93361447  16.09337725  16.1         15.31786841  16.1         15.74739241
   16.1         14.52863702  16.1         15.68338673  16.1         16.1       ]
 [ 16.1         15.65997061  16.1         13.947817    15.71319955
   15.54638508  16.1         15.73003839  16.1         16.1         16.1
   16.1       ]
 [ 14.91307827  15.40614748  16.1         15.78542652  14.84575895
   15.69076573  15.15542886  15.87018597  15.4585249   16.1         16.1
   16.1       ]]
Effective wind speeds: [[ 13.49640017  13.89415851  13.30385383  14.          13.91822014  14.
   13.9936647   14.          13.79450501  13.81573599  14.          14.        ]
 [ 13.98324425  14.          13.92155661  14.          13.99495398  14.
   13.71957181  14.          14.          13.51987473  14.          14.        ]
 [ 13.99327183  14.          13.9661451   14.          13.98377761  14.
   13.95086825  14.          13.57393072  14.          14.          14.        ]
 [ 14.          14.          13.95781444  14.          13.99718439  14.
   13.98362634  14.          13.985218    14.          14.          14.        ]
 [ 13.65147025  14.          13.55363325  14.          13.95285406  14.
   13.99658593  14.          13.65298424  14.          13.78862258  14.        ]
 [ 14.          14.          13.85570123  14.          13.99414312
   13.93069116  13.25746226  14.          12.63381857  14.          13.63713602
   14.        ]
 [ 14.          14.          14.          14.          14.          12.19164588
   13.66333037  13.71987537  13.61768058  13.85689367  13.30981467  14.        ]
 [ 14.          14.          14.          13.62099335  13.64529359
   13.71012007  13.11930608  13.71076354  12.68767884  13.80017561
   13.21283259  13.49493869]
 [ 14.          14.          14.          13.89415851  14.          14.
   13.79693874  14.          13.3437191   13.66235783  13.76558728
   13.57543937]
 [ 14.          14.          14.          14.          13.99628201
   13.98324425  14.          13.99495398  14.          13.9218535   14.
   13.44394882]
 [ 14.          14.          14.          13.99327185  13.96614525  14.
   14.          13.9837777   14.          13.95086903  14.          13.57394853]
 [ 14.          14.          14.          13.95781495  14.          13.99718442
   14.          13.98362694  14.          13.98521909  14.          14.        ]
 [ 13.99037076  13.43376371  14.          13.97910278  14.          13.95773836
   14.          13.99658593  14.          13.65298424  14.          13.78862258]
 [ 13.85570123  13.99414312  14.          13.32027209  14.          13.69318412
   14.          12.63381857  14.          13.63713602  14.          14.        ]
 [ 14.          13.61768054  14.          12.12663562  13.66333042
   13.5173632   14.          13.67903727  14.          14.          14.
   14.        ]
 [ 12.96762438  13.39626455  14.          13.7258679   12.9100596
   13.64394338  13.17744296  13.800176    13.44063614  14.          14.
   14.        ]] m/s
Max SPL: 49.0000000084 dB
SPL: [[ 48.69788807  47.95735542  47.22047844  47.85841679  44.72884891
   48.77203809  46.93275059]
 [ 48.58282234  47.80150916  47.23369326  47.86726607  44.39514595
   48.97868584  47.08884745]
 [ 48.90091858  47.84614531  47.27029716  47.87587523  44.31696817
   48.98723838  47.12345219]
 [ 48.84730888  47.84784267  47.27372632  47.9450922   44.33896631  49.
   47.13950004]
 [ 48.81415987  47.81096526  47.21376296  47.89678463  44.25882561
   48.92090942  47.03986505]
 [ 48.78404779  47.71679625  47.04060954  47.64412356  44.07737521
   48.65781982  46.89795265]
 [ 48.63534971  47.41567394  46.84068655  47.63157552  44.087478
   48.72138138  47.00894302]
 [ 48.63598883  47.51472364  46.84467487  47.40339674  43.88621986
   48.40789245  46.81861264]
 [ 48.73707895  47.91158307  47.10732643  47.71264754  44.66635674
   48.67310781  46.9631882 ]
 [ 48.59311164  47.8017144   47.19324992  47.83391175  44.41623112
   48.99798646  47.12422647]
 [ 48.88671819  47.81418362  47.20387436  47.82603809  44.31512892
   49.00000001  47.12869629]
 [ 48.84108845  47.84132132  47.26948447  47.9422692   44.33889772  49.
   47.14206328]
 [ 48.70286316  47.77049466  47.18541473  47.92442323  44.3105919
   48.9893027   47.11867845]
 [ 48.63299307  47.5549821   47.00972998  47.74730972  44.19895311
   48.89659597  47.00787727]
 [ 48.38363998  47.38574879  46.91393407  47.80439919  44.20148348
   48.9138778   47.10132582]
 [ 48.42033623  47.50001471  47.00521844  47.68546653  43.99194992
   48.64127962  46.82577671]] dB
