
CONSTRAINT SATISFIED WITHIN LIMITS
Wind Directions: [   0.    22.5   45.    67.5   90.   112.5  135.   157.5  180.   202.5
  225.   247.5  270.   292.5  315.   337.5] degrees
AEP: 204144787.809 kWh
X-locations (initial): [  523.67119291  1200.            74.14717779  1126.37800913   381.72271461
   902.14896711   158.83606742   690.57802428    65.85430079   480.62123205
     0.           565.10212808] m
X-locations (final): [ 526.34292527  824.43954875  130.96095383  788.92652044  427.39652867
  728.18750859  347.32618331  685.13184485  436.69960548  642.62440408
  382.66004334  754.85473489] m
Y-locations (initial): [    0.            53.36510941   110.53977547   426.51549141   537.74545889
   620.61492594   869.55818156   972.66940032  1249.49052419  1307.00375429
  1585.98075981  1650.        ] m
Y-locations (final): [    0.           175.75366794    59.76864471   393.20052781   502.00400985
   562.73479411   789.5194952    858.29235789  1207.71561615  1257.22917119
  1612.43676496  1650.        ] m
RPM: [[ 13.07975773  11.73745417  13.13533739  12.340564    12.65418674
   12.51593109  11.77638276  12.59378227  12.60784153  12.74508926
   12.72896791  12.72795094]
 [ 12.65747368  12.56605232  13.1024692   12.59278415  12.84821261
   12.55573033  12.75998872  12.59910179  12.77138185  10.55397585
   13.03130617  12.71983712]
 [ 12.69445397  11.49503467  13.03102742  12.65810431  12.77606861
   12.63160809  12.62604242  12.62102145  12.52652695  12.59997572
   11.22590061  12.63659024]
 [ 12.91944679  11.35179083  13.05573738  12.63660462  12.70544956
   12.64747328  12.64711604  12.66631799  11.03215047  12.61572174
   12.77618236  12.74222213]
 [ 12.81504927  11.27770241  12.84038192  12.64260242  12.73223638
   12.63753698  12.71239856  12.62644485  12.63375578  12.58778362
   11.52535456  12.59801823]
 [ 13.07166234  11.63079072  13.14654646  12.73313897  12.67224437
   11.72638911  11.390116    12.77246677  11.89665282  12.77315608
   12.79158454  12.81035273]
 [ 12.99477187  12.71511893  13.04613412  10.98058954  12.78078431
   11.59793814  12.68694398  12.79842665  12.69056637  12.91980265
   11.09659567  13.1346272 ]
 [ 13.16599293  12.89514402  13.10197907  11.83691488  12.79150235
   10.53095012  11.44629249  12.75912392  12.44885953  13.13660606
   12.54146384  13.1464407 ]
 [ 12.96205215  11.31983463  13.08308981  12.65899578  12.79605906
   12.61069172  12.70452209  12.64230465  11.77656695  12.77362141
   12.58817885  12.81760649]
 [ 12.88277883  12.77188114  12.91087557  12.75538638  12.78230593
   11.41564298  12.73315075  12.75422746  12.63900254  12.62285451
   12.83276029  11.66056217]
 [ 12.74324265  12.58521756  12.81122191  11.34492638  12.73085337
   12.67042475  12.61218163  12.74534885  12.11275239  12.72594889
   11.63267979  12.79503467]
 [ 13.03849022  11.20890799  13.14828527  12.68649741  12.85670765
   12.6251226   12.82864769  12.57913475  10.25974832  12.60565039
   12.83212104  13.01980265]
 [ 12.67960096  11.39805191  12.91112821  12.68915533  12.70394722
   12.57801326  12.64415834  12.61808125  12.65079706  12.60748918
   11.45818629  12.68837315]
 [ 12.98582103  11.68115748  13.05675642  12.08898884  12.72173057
   12.63954993  11.47884588  12.68761662  12.5435712   12.67807316
   12.18071358  12.69026569]
 [ 12.93803126  12.27688096  12.95469008  11.09987372  12.80248547
   12.82711826  12.67809426  12.06133706  12.70331563  12.81056482
   11.12730947  13.12844814]
 [ 13.318459    12.1955119   13.08759872  11.2138085   12.18735812
   12.50388362  12.54040689  12.79793955  12.66985546  13.04729091
   11.16603947  13.14449725]]
Effective wind speeds: [[ 13.95775404  13.05012013  14.          13.57272977  12.95350453
   13.13260621  13.27340201  13.36075421  13.67599602  13.99562651  14.
   14.        ]
 [ 13.30297935  14.          13.63016056  14.          13.97343082  14.
   13.50219404  14.          13.99829703  13.52864649  14.          14.        ]
 [ 13.9109065   14.          13.68287979  14.          13.89192052  14.
   14.          14.          13.98487883  14.          14.          14.        ]
 [ 13.65208405  14.          13.78452792  14.          13.35834642  14.
   13.53796047  14.          12.37549266  14.          13.99334685  14.        ]
 [ 14.          14.          13.40048941  14.          13.7692238   14.
   13.88214585  14.          13.50144717  14.          13.30069719  14.        ]
 [ 14.          14.          13.99653793  14.          13.29158637  14.
   13.61215957  14.          14.          14.          14.          14.        ]
 [ 14.          14.          14.          14.          13.64353951
   13.84035533  13.54551102  14.          13.66261254  14.          13.57730885
   14.        ]
 [ 14.          14.          14.          12.99657385  13.96264343
   11.40514334  12.56559469  13.63316511  12.86943673  13.99627945
   13.1020771   14.        ]
 [ 14.          14.          14.          13.30339644  13.99591244
   13.70468369  13.96656559  13.34991264  13.00231052  13.36812275
   13.16817456  13.28188295]
 [ 14.          14.          14.          13.91726817  13.97838872
   13.26058946  13.94170797  13.97558339  13.94598785  13.57315615  14.
   13.25092487]
 [ 14.          13.88396477  14.          13.99286799  13.99749954
   13.6713145   14.          13.88944651  14.          14.          14.
   13.9864576 ]
 [ 14.          13.50309463  14.          13.76219704  14.          13.33118933
   14.          13.52284675  14.          13.0520985   14.          13.99322838]
 [ 13.38926483  13.99890187  14.          13.99415743  14.          13.76617705
   14.          13.8817188   14.          13.4949629   14.          13.45333   ]
 [ 13.99654754  14.          14.          13.29319442  14.          13.63301302
   14.          14.          14.          14.          14.          14.        ]
 [ 14.          13.63040026  14.          13.30626236  14.          14.
   14.          13.66890869  14.          13.71254583  14.          14.        ]
 [ 13.96047374  12.53498835  14.          11.13750354  12.64574436
   13.1898926   14.          13.41900603  13.9916319   13.99949869  14.
   14.        ]] m/s
Max SPL: 44.009367826 dB
SPL: [[ 44.00275816  44.00290381  43.98313372  43.8090634   40.38578024
   44.00309397  43.02634219]
 [ 44.00157801  44.00120227  43.9062423   43.77912904  40.32972352
   44.00141062  43.1315455 ]
 [ 44.00111009  44.00097684  43.80079439  43.48876392  40.02033514
   44.00147164  43.05072792]
 [ 44.00050372  44.00042911  43.88574212  43.58236848  40.03631925
   44.0003123   43.04124208]
 [ 44.00080463  44.00056577  43.80777969  43.61185875  40.02482182
   44.00047745  43.0314586 ]
 [ 44.0006256   44.00045463  43.88893261  43.73923792  40.02922928
   44.00056617  43.01590063]
 [ 44.00039873  43.94580827  43.67869928  43.59772027  40.03495287
   44.00058659  43.03744732]
 [ 44.00158427  43.90998743  44.00150422  43.79375077  40.03677956
   44.00194684  42.93265346]
 [ 44.00382467  44.00366851  43.94762778  43.75095628  40.37453626
   44.00291056  43.04992315]
 [ 44.00062799  44.0008558   43.80664972  43.7074176   40.33325032
   44.00103749  43.11854724]
 [ 44.00936783  44.00609406  43.85733528  43.55985902  40.01501354
   44.00496464  43.01993325]
 [ 44.00236301  44.00293507  43.91983756  43.59785029  40.05069022
   44.00303748  43.07321364]
 [ 44.00214333  44.00184284  43.8140644   43.61940908  40.02674713
   44.00194773  43.0362611 ]
 [ 44.00012242  44.00021238  43.8418346   43.66834292  40.02733588
   44.00018262  43.02059077]
 [ 43.9999735   43.94744833  43.66894885  43.59563692  40.03329938
   44.0005355   43.03263514]
 [ 44.00648223  43.92459529  43.93602363  43.63954525  40.05176922
   44.00635285  42.97551517]] dB
