
CONSTRAINT SATISFIED WITHIN LIMITS
Wind Directions: [   0.    22.5   45.    67.5   90.   112.5  135.   157.5  180.   202.5
  225.   247.5  270.   292.5  315.   337.5] degrees
AEP: 250337030.132 kWh
X-locations (initial): [  523.67119291  1200.            74.14717779  1126.37800913   381.72271461
   902.14896711   158.83606742   690.57802428    65.85430079   480.62123205
     0.           565.10212808] m
X-locations (final): [  500.293482    1097.43212501    97.68316988  1023.86373329   420.81172233
   871.47180775   251.40829154   709.42339995   186.377938     622.73862909
   126.29607309   687.70635149] m
Y-locations (initial): [    0.            53.36510941   110.53977547   426.51549141   537.74545889
   620.61492594   869.55818156   972.66940032  1249.49052419  1307.00375429
  1585.98075981  1650.        ] m
Y-locations (final): [    0.           139.30197791    80.78319302   372.82589295   513.43555906
   598.50452052   804.22243973   890.52808381  1261.24065863  1327.73079249
  1594.79089729  1650.        ] m
RPM: [[ 14.77013079  14.05266457  14.45664737  14.38073642  14.8848437
   14.71399822  14.72148794  13.94640761  14.64182979  14.32103001
   14.87976105  14.84141988]
 [ 14.8760375   14.82003801  14.29090211  14.82413565  14.76846374
   14.75757615  14.42226045  14.84915872  14.37701184  14.42449901
   14.34471949  14.76430805]
 [ 14.42615343  14.19146253  14.63368111  14.35316678  14.34460742
   14.60081251  14.51128454  14.60535408  14.21607638  14.68104248
   14.29235994  14.73509836]
 [ 14.57828966  14.07965419  14.5250362   14.30643028  14.48493951
   14.46994015  14.45417594  14.64218809  14.39425469  14.7252713
   14.38804057  14.80399018]
 [ 14.62494898  13.94344087  14.43234493  14.32243738  14.66411335
   14.47632098  14.62631098  14.69341891  14.37257199  14.75500217
   14.21088218  14.80361491]
 [ 14.62618969  13.94762182  14.7427983   14.3032529   14.50163936
   14.43193677  14.33598164  14.73734047  14.76385961  14.73741985
   13.93617849  14.95346936]
 [ 14.87816174  14.40204236  14.92322139  14.26346267  14.80854419
   13.17910581  14.52599947  14.62714841  13.66045466  14.87458064
   14.83372244  14.96733508]
 [ 15.3902069   14.42430486  15.40348888  12.67967426  15.11645335
   14.09264742  14.37088842  14.43861619  14.44249756  13.86557599
   14.4222455   15.39191879]
 [ 14.75820926  13.87204121  14.89446357  14.24344838  14.78779624
   14.62490437  14.92367148  14.71131911  14.69455705  14.91329655
   14.44429758  13.94487925]
 [ 14.87350436  14.80354822  14.73112037  14.80813901  14.76040108
   14.73763557  14.59586705  14.83077864  14.37483083  14.21927432
   14.32847695  14.40720942]
 [ 14.45911745  14.23978579  14.7242414   14.34758602  14.60438105
   14.49838557  14.45831874  14.41170607  14.30570649  14.66833694
   14.29628432  14.50132304]
 [ 14.64353372  14.10131424  14.68672316  14.23347158  14.60598176
   14.43755302  14.46390544  14.54591111  14.36416573  14.68790339
   14.34627182  14.77576943]
 [ 14.49602523  13.89577897  14.69107801  14.44972868  14.69459404
   14.62496226  14.60166679  14.70754121  14.40068521  14.42729821
   14.35937429  14.47739014]
 [ 14.66063329  14.04185621  14.78765666  14.35578154  14.70881199
   14.28462161  14.52439016  14.74973776  14.47829424  13.98996111
   14.33955043  14.86566598]
 [ 14.92980908  14.77269555  14.87951697  13.48829482  14.615508
   13.69929441  14.41495065  14.77297506  14.27174267  14.8358376
   14.35801288  14.8939675 ]
 [ 14.9587965   12.77156525  15.22333526  14.23719829  14.33745967
   13.57645671  14.67030695  15.57932404  14.097833    14.58814824
   14.41756231  15.18909435]]
Effective wind speeds: [[ 13.93624124  13.90354701  13.5412868   14.          14.          14.
   13.7963503   13.08880115  13.68535792  13.35503728  14.          14.        ]
 [ 13.98733764  14.          13.46016447  14.          13.99811458  14.
   13.75955781  14.          14.          13.74969202  14.          14.        ]
 [ 13.97242914  14.          13.92468453  14.          13.76506363  14.
   13.99675886  14.          13.74639039  14.          14.          14.        ]
 [ 13.94286224  14.          13.81259127  14.          13.9136672   14.
   13.92548197  14.          13.98384744  14.          14.          14.        ]
 [ 14.          14.          13.67265767  14.          13.97469426  14.
   13.97889557  14.          13.81684209  14.          13.65596009  14.        ]
 [ 14.          14.          13.94596968  14.          13.83620539  14.
   13.54372559  14.          14.          14.          13.25347162  14.        ]
 [ 14.          14.          14.          14.          14.          12.87531951
   13.83945518  13.91397377  13.07010899  14.          13.81500884  14.        ]
 [ 14.          14.          14.          11.3984342   13.997585
   12.96905811  13.22444186  12.99968583  13.61831506  12.78780131
   13.5623602   13.99963697]
 [ 14.          14.          14.          13.90856703  13.93944081  14.
   14.          14.          13.74149686  13.97368854  13.46645417
   12.8871391 ]
 [ 14.          14.          14.          14.          13.99997309
   13.98726714  14.          13.9983648   14.          13.4976263   14.
   13.60076846]
 [ 14.          14.          14.          13.97220253  13.92407418  14.
   14.          13.76393692  14.          13.99680615  14.          13.75385779]
 [ 14.          13.94011576  14.          13.80743997  14.          13.91286247
   14.          13.92636888  14.          13.98423723  14.          14.        ]
 [ 13.75627535  13.76551618  14.          14.          14.          13.97433316
   14.          13.97901259  14.          13.82103084  14.          13.66575506]
 [ 13.94547694  13.82512896  14.          13.93775629  14.          13.54477914
   14.          14.          14.          13.27344395  14.          14.        ]
 [ 14.          13.9933356   14.          12.73167891  13.8434008
   13.24603518  14.          13.81946047  14.          14.          14.
   14.        ]
 [ 13.73737652  11.08845132  14.          13.12142121  13.19530872
   12.75344312  13.9945335   13.84785781  13.57378105  14.          14.
   14.        ]] m/s
Max SPL: 47.0026288336 dB
SPL: [[ 46.99987629  46.60810097  46.20058782  46.48676226  43.21145927
   46.99992623  45.58379626]
 [ 47.00004758  46.67647778  46.24328016  46.41359779  42.78089409
   47.00027913  45.59660805]
 [ 47.0004195   46.50486318  46.1375924   46.30073501  42.62967387
   47.00067705  45.49682326]
 [ 47.0001547   46.5192602   46.17866164  46.75371816  42.67014318
   47.00019778  45.52191369]
 [ 47.00001332  46.52782493  46.16657463  46.22598896  42.67468962
   47.00003365  45.53312092]
 [ 47.00019802  46.52763582  46.211581    46.34794027  42.68201661
   47.00022645  45.55355019]
 [ 47.00015502  46.3316913   46.00697403  46.41976679  42.68512652
   47.00033731  45.60272681]
 [ 46.89190738  46.28918163  46.1337826   46.3809109   42.71552796
   47.00014146  45.57858263]
 [ 46.99945564  46.63100234  46.09678971  46.36011329  43.28476539
   46.99976915  45.6663104 ]
 [ 46.99998018  46.63367911  46.14330565  46.33929105  42.79234953
   47.0002358   45.65573216]
 [ 47.00069566  46.46638143  46.07349711  46.25991554  42.62880682
   47.00050347  45.51361686]
 [ 47.00001297  46.50460773  46.16038908  46.73322879  42.67844663
   47.00000758  45.55051886]
 [ 47.00252967  46.4920658   46.07307026  46.17604555  42.67442653
   47.00262883  45.55678735]
 [ 46.99998136  46.46297734  46.12611884  46.31867893  42.67441234
   47.00000432  45.56175806]
 [ 47.00041554  46.33488328  46.01611996  46.37584414  42.68136413
   47.00015726  45.59428255]
 [ 46.68387526  46.34024239  46.20570358  46.42743501  42.69627413
   47.00032521  45.50458595]] dB
