
CONSTRAINT SATISFIED WITHIN LIMITS
Wind Directions: [   0.    22.5   45.    67.5   90.   112.5  135.   157.5  180.   202.5
  225.   247.5  270.   292.5  315.   337.5] degrees
AEP: 256316042.158 kWh
X-locations (initial): [  523.67119291  1200.            74.14717779  1126.37800913   381.72271461
   902.14896711   158.83606742   690.57802428    65.85430079   480.62123205
     0.           565.10212808] m
X-locations (final): [  530.39817441  1167.73893706   164.74744364  1097.92356857   459.56154245
   965.76995137   267.50192552   770.56591354    73.9529868    585.56482876
     0.           681.40472855] m
Y-locations (initial): [    0.            53.36510941   110.53977547   426.51549141   537.74545889
   620.61492594   869.55818156   972.66940032  1249.49052419  1307.00375429
  1585.98075981  1650.        ] m
Y-locations (final): [    0.            54.9553538    116.87822612   406.53866155   546.34681835
   652.83171905   854.29744786   965.45712118  1176.91358486  1265.91107782
  1581.44784423  1650.        ] m
RPM: [[ 14.91100639  14.67179024  15.4066126   14.96544058  15.4197037
   15.34427951  15.41347602  15.41060754  15.24787302  15.37933847
   15.29733302  15.51659551]
 [ 15.47160838  15.15320402  15.16667393  15.35130707  15.45665197
   15.3895995   15.06799562  15.47414435  15.24228233  15.02107887
   14.9655344   15.43573426]
 [ 15.25501933  14.57289048  15.39512559  14.85659742  15.26248977
   15.23633749  15.09027746  15.30521262  15.03977847  15.29664381
   15.12921411  15.45590561]
 [ 15.32306743  14.66774549  15.26075096  14.86898086  15.27981822
   15.03904612  15.18909987  15.35347725  15.13040184  15.40903507
   15.001046    15.47018623]
 [ 14.97234999  14.58262113  14.95778707  14.95221614  15.39118971
   15.30597369  15.37260332  15.40930152  15.24900286  15.42481922
   14.86650026  15.47539129]
 [ 14.99188654  14.69591391  14.2434497   14.90744307  15.44776888
   15.29821036  15.36375688  15.42824235  15.34787698  15.47807543
   14.96685069  15.56254157]
 [ 15.41880601  14.60290604  15.53568941  14.88151134  15.47531653
   14.8390157   15.27402605  15.26117648  15.09764176  15.31413969
   14.96041727  15.59142315]
 [ 15.90508296  14.91296564  15.99516065  14.83333688  15.95425457
   13.53286317  15.44407685  14.97481538  15.2086057   15.48568426
   14.62475638  15.8655407 ]
 [ 15.32627506  14.72634151  15.47617619  14.79094204  15.30249951
   15.31103645  15.39838197  15.43726732  15.36988733  15.01750691
   15.31266881  15.46485534]
 [ 15.46898467  15.11093093  15.44476843  15.34702706  15.43324036
   15.38613329  15.37446386  15.47073847  15.10889453  15.09115496
   14.96357435  15.00729712]
 [ 15.26955101  14.59781077  15.40350396  14.85607086  15.32085025
   15.24495746  15.31972681  15.24889718  15.13133765  15.04825827
   15.04541889  15.35775075]
 [ 15.33780119  14.71326035  15.39268221  14.75616058  15.34917804
   15.04447823  15.32286245  15.25482805  15.04432579  15.40045901
   14.9848489   15.46801614]
 [ 15.38815144  14.32674967  15.40403913  15.06628623  15.39770602
   15.35818803  15.34124036  15.41898321  14.98225664  15.40459442
   14.9200199   15.31498043]
 [ 14.13979276  14.8575584   15.34967567  14.93362207  15.44181891
   15.31610922  15.40480055  15.32595471  15.30495362  14.95653291
   14.99847322  15.52662682]
 [ 15.51091989  14.62288753  15.52033513  14.8965065   15.25982379
   14.89813836  15.30973423  15.26466277  15.02740681  15.48094678
   14.94183895  15.54220749]
 [ 15.29258142  14.40849684  15.96379222  14.24552687  15.17597391
   15.24935837  14.30545571  15.38490299  15.29664653  15.91503327
   15.22903645  15.95879   ]]
Effective wind speeds: [[ 13.5628498   13.85537172  13.93434859  14.          13.99434619  14.
   14.          13.97655877  13.8984125   13.93477904  14.          14.        ]
 [ 14.          14.          13.72224814  14.          13.99900205  14.
   13.73518741  14.          14.          13.66184831  14.          14.        ]
 [ 13.98736229  14.          13.99181123  14.          13.91554591  14.
   13.81172048  14.          13.89218397  14.          14.          14.        ]
 [ 14.          14.          13.84499019  14.          13.91669536  14.
   13.8653326   14.          13.991503    14.          14.          14.        ]
 [ 13.67675824  14.          13.59012069  14.          13.99847812  14.
   13.99976984  14.          13.98437133  14.          13.84002762  14.        ]
 [ 14.          14.          12.85572498  14.          13.99901611  14.
   13.87440095  14.          13.86457433  14.          13.54015731  14.        ]
 [ 14.          14.          14.          14.          14.          13.75685489
   13.73613845  13.79134654  13.57977037  13.76568882  13.44279407  14.        ]
 [ 14.          14.          14.          13.50975461  14.          12.1461601
   13.61547482  13.22675701  13.29853345  13.57127652  12.77431846
   13.8543139 ]
 [ 14.          14.          14.          13.85693251  13.8637529   14.
   13.94451153  14.          13.96473082  13.58585169  13.89815343
   13.93034094]
 [ 14.          14.          14.          14.          13.98480921  14.
   14.          13.99900248  14.          13.72267372  14.          13.57072276]
 [ 14.          14.          14.          13.98719009  13.99180263  14.
   14.          13.91549543  14.          13.81161336  14.          13.89304825]
 [ 14.          14.          14.          13.84250509  14.          13.91596737
   14.          13.86542927  14.          13.99158614  14.          14.        ]
 [ 13.99821652  13.46119092  14.          13.99990429  14.          13.99847786
   14.          13.99977018  14.          13.98456014  14.          13.84246723]
 [ 12.84396238  14.          14.          13.88974116  14.          13.93673569
   14.          13.86500152  14.          13.54590845  14.          14.        ]
 [ 14.          13.56305875  14.          13.58105008  13.77118174
   13.51122698  13.89751366  13.76559892  14.          14.          14.
   14.        ]
 [ 13.40079909  12.59687542  14.          12.47104562  13.39047675
   13.69983977  12.83719494  13.5866548   13.83822464  14.          14.
   14.        ]] m/s
Max SPL: 48.0000405017 dB
SPL: [[ 47.99999999  47.42487783  46.87397532  47.11956868  43.75047253
   48.00000002  46.22151306]
 [ 47.99999999  47.45807627  46.83008303  47.02186051  43.61202682
   48.00000004  46.23746338]
 [ 48.          47.34562827  46.7818254   46.98690488  43.43404795  48.
   46.18999285]
 [ 48.          47.35293622  46.79142446  47.32316662  43.44289088
   47.99999996  46.19515171]
 [ 47.99997681  47.38112108  46.78951726  46.97988986  43.4340174
   47.99996064  46.16814057]
 [ 48.0000405   47.37600838  46.91138405  47.01588731  43.41097397
   48.00003565  46.09829882]
 [ 47.99999998  47.22871192  46.61344843  47.00547778  43.45760283
   47.99999996  46.3416457 ]
 [ 48.00000003  47.19763318  46.76567703  46.98040238  43.47017067
   47.95241386  46.22939282]
 [ 48.00000003  47.38684326  46.82973246  47.08895335  43.72736549
   48.00000009  46.23486119]
 [ 48.          47.43886416  46.75969875  46.96876848  43.61816011
   48.00000001  46.27267863]
 [ 48.00000001  47.32748202  46.74311943  46.95273201  43.43462376
   48.00000001  46.20301658]
 [ 48.00000001  47.34316029  46.78485081  47.31453721  43.44967722  48.
   46.21398474]
 [ 48.00000004  47.38809321  46.76735636  46.95472699  43.45918785
   48.00000005  46.22992519]
 [ 48.          47.33166117  46.84737102  46.97448483  43.4169086   48.
   46.15297981]
 [ 48.00000004  47.23385371  46.61804908  47.00952854  43.45732372
   48.00000002  46.33875021]
 [ 47.84565616  47.260995    46.86734583  47.11857236  43.46374049
   48.00000002  46.14506566]] dB
