
CONSTRAINED EXCEEDED!
Wind Directions: [   0.    22.5   45.    67.5   90.   112.5  135.   157.5  180.   202.5
  225.   247.5  270.   292.5  315.   337.5] degrees
AEP: 242212313.65 kWh
X-locations (initial): [ 460.  850.  320.  750.  180.  630.  100.  540.  110.  470.  100.  440.] m
X-locations (final): [ 487.23042329  859.58555033  345.12242246  749.13272935  189.1275416
  607.23115037   90.88020865  538.62519856  130.4312827   513.26382326
   90.88020865  410.86379646] m
Y-locations (initial): [  140.   320.   350.   500.   590.   770.   850.  1000.  1150.  1300.
  1430.  1570.] m
Y-locations (final): [  127.23229211   326.75711847   350.           498.24660989   570.33874534
   766.58112336   860.02646209  1011.82281255  1148.07639236  1323.75107509
  1419.0006874   1577.29583308] m
RPM: [[ 15.87310436  16.1         16.1         16.1         15.81164066  16.1
   15.68174345  16.1         15.73371655  15.8139088   15.73537423  16.1       ]
 [ 15.95032026  16.1         16.1         16.1         15.76774411  16.1
   15.72044176  16.1         15.70637928  16.1         15.65701879
   15.84895267]
 [ 15.77545593  15.68637752  15.85403312  15.77399937  15.83768568
   15.85482534  15.8815913   16.1         15.89523024  15.84008076
   15.93719054  16.1       ]
 [ 15.91890004  16.1         16.1         16.1         15.8282559   16.1
   15.74981574  16.1         15.70772663  16.1         15.68552442
   15.87871467]
 [ 15.96820605  16.1         16.1         16.1         15.83586731  16.1
   15.74237028  16.1         15.70363903  16.1         15.67402626  16.1       ]
 [ 15.97373429  16.1         16.1         16.1         15.84914295  16.1
   15.7714545   16.1         15.71281465  15.87743594  15.6906248
   15.87007749]
 [ 15.9776134   16.1         16.1         16.1         15.86310327  16.1
   15.7892207   16.1         15.72568132  16.1         15.70625769
   15.87742832]
 [ 15.98801837  16.1         16.1         16.1         16.1         16.1
   15.74148432  16.1         15.7192351   15.82468943  15.73232746
   15.85264753]
 [ 16.03108053  16.1         16.1         16.1         16.1         16.1
   16.1         15.84072396  15.83695274  15.80815238  15.46267398
   15.50224798]
 [ 16.02362072  16.1         16.1         16.1         16.1         16.1
   16.1         15.61906948  15.88157529  15.36972051  15.85418258
   15.41620458]
 [ 15.8731945   15.76521953  16.1         15.61915847  16.1         15.81628876
   16.1         15.65353697  15.92013396  15.73832864  15.92788854
   15.84965695]
 [ 16.02686904  15.78712796  16.1         15.77622056  16.1         15.75985957
   16.1         15.74169243  15.87982003  15.72974384  15.86325753
   15.72638026]
 [ 15.97378911  15.75663808  16.1         16.1         15.86681445  16.1
   15.77944203  16.1         15.72042029  16.1         15.69206092  16.1       ]
 [ 15.97034136  16.1         16.1         16.1         16.1         16.1
   15.77069304  15.84297062  15.71017749  15.81043355  15.68121068  16.1       ]
 [ 15.93616129  16.1         16.1         16.1         15.88147704  16.1
   15.79967013  16.1         15.74463303  16.1         15.71859725
   15.88491214]
 [ 15.93537054  16.1         16.1         16.1         15.86018306  16.1
   15.798201    16.1         15.73843596  16.1         15.72001756
   15.88592707]]
Effective wind speeds: [[ 13.11714399  14.          13.66606095  14.          13.71378978
   13.83127568  11.57804769  12.43105174  12.98658474  14.          14.
   14.        ]
 [ 13.95589001  14.          13.75574859  14.          12.91508766  14.
   12.85460607  14.          13.91175251  14.          14.          14.        ]
 [ 13.92420708  14.          13.99965164  14.          13.79821311  14.
   13.08115564  14.          13.99805837  14.          13.99762737  14.        ]
 [ 13.22967752  14.          11.859663    14.          12.57761171  14.
   12.30779632  14.          12.29031061  14.          12.45636476  14.        ]
 [ 14.          14.          12.21661682  14.          13.60085666  14.
   13.89843715  14.          14.          14.          13.92471139  14.        ]
 [ 14.          14.          14.          14.          13.22889886  14.
   13.77447761  14.          12.84594726  14.          13.89376483  14.        ]
 [ 14.          14.          13.01939078  12.30396639  12.52483441
   13.89056739  14.          14.          12.99302073  14.          13.03275125
   13.99518984]
 [ 14.          14.          13.2270627   12.74486406  13.65277115
   12.55734986  11.35457966  11.12939832  13.58586648  13.57361479
   13.39443801  11.13400284]
 [ 14.          14.          14.          14.          14.          13.9926513
   13.99944567  13.33423306  12.23317489  12.31774524  12.03649109
   13.64953093]
 [ 14.          14.          14.          13.95589417  14.          13.78081021
   14.          13.89222902  13.89897096  12.91508766  14.          12.85461135]
 [ 14.          13.99942232  14.          13.92415621  14.          13.99965133
   14.          13.79821311  14.          13.08026456  14.          13.9969356 ]
 [ 14.          13.2297443   14.          11.859663    14.          12.57761171
   14.          12.30779632  14.          12.29153219  14.          12.45651243]
 [ 14.          12.21661682  14.          13.60117371  14.          13.89858048
   14.          14.          14.          13.92487251  14.          14.        ]
 [ 14.          13.22889886  14.          13.77481156  14.          13.99968968
   14.          12.84823427  14.          13.8939251   14.          14.        ]
 [ 13.04010955  12.28242054  12.51061558  13.04556557  14.          13.79850744
   14.          13.04010441  14.          13.99519314  14.          14.        ]
 [ 13.12768758  12.51844222  13.22220722  11.79364124  11.44763052
   11.72721503  14.          13.91609398  13.39561495  11.1553407   14.
   14.        ]] m/s
Max SPL: 49.1636557944 dB
SPL: [[ 47.32453343  47.35370451  47.04028378  47.7133944   44.68642531
   48.91348972  47.40942695]
 [ 47.347273    47.3380112   47.05269733  47.71102672  44.77985324
   49.08483031  47.32795191]
 [ 47.34930786  47.29224785  47.04441224  47.73008943  44.47946963
   49.10670234  47.32367023]
 [ 47.34166907  47.3334427   47.03721756  47.47321981  44.45971545
   49.10349989  47.31358295]
 [ 47.37626513  47.36874218  47.07903453  47.86859277  44.50779007
   49.15998644  47.35812473]
 [ 47.36763371  47.34120044  47.08280349  47.69581039  44.48668132
   49.13603618  47.34331882]
 [ 47.36005332  47.30751221  47.00123675  47.71492409  44.48759046
   49.13733187  47.30069272]
 [ 47.3353918   47.27264946  46.98063447  47.65973321  44.45044091
   49.0885286   47.51986568]
 [ 47.33154379  47.3214181   46.95786806  47.60592258  44.66943439
   48.89619161  47.43224003]
 [ 47.33298528  47.25899712  46.93038466  47.60553764  44.76459233
   49.07288879  47.34245415]
 [ 47.34544564  47.26095997  46.99745323  47.68805841  44.48124138
   49.10592648  47.34636807]
 [ 47.25063849  47.23277106  46.95264336  47.43656724  44.45789015
   49.12781781  47.32948035]
 [ 47.33229492  47.34478065  47.07015488  47.86821304  44.50615273
   49.16365579  47.35834958]
 [ 47.36381716  47.33767555  47.09177604  47.71481668  44.50153157
   49.1537334   47.36135917]
 [ 47.34830625  47.30516347  47.0079103   47.72693024  44.49714567
   49.15367757  47.30791956]
 [ 47.31968908  47.27919644  47.0134494   47.69973056  44.46236421
   49.10992118  47.52817332]] dB
