
CONSTRAINT SATISFIED WITHIN LIMITS
Wind Directions: [   0.    22.5   45.    67.5   90.   112.5  135.   157.5  180.   202.5
  225.   247.5  270.   292.5  315.   337.5] degrees
AEP: 147119382.969 kWh
X-locations (initial): [ 460.  850.  320.  750.  180.  630.  100.  540.  110.  470.  100.  440.] m
X-locations (final): [ 441.39127539  824.74562067  361.2821691   667.16409557  245.57374417
  728.64410127  315.38391581  591.071511    402.75660345  694.58871051
  514.94975409  760.99059995] m
Y-locations (initial): [  140.   320.   350.   500.   590.   770.   850.  1000.  1150.  1300.
  1430.  1570.] m
Y-locations (final): [   31.22012822   325.74910957   192.41110529   412.74372404   330.29352042
   845.39805106   600.76995504   961.47467405   926.96099653  1349.14559338
  1337.75062373  1650.        ] m
RPM: [[ 12.68766828  10.27712435  11.44437478  10.32547272  10.61304674
   10.27395271  10.33019184  10.32804463  10.25506853  10.3054016
   10.33431533  10.52044148]
 [ 12.65964148  10.21382122  11.68097646  10.26873243  11.46094448
   10.19046639  10.34628861  10.24898479  10.32058831  10.18172246
   10.27617006  10.23046889]
 [ 10.30444772  11.3311459   11.48251059  10.55308592  11.22149212
   10.2934957   10.27224923  10.270636    10.20182042  10.27312483
   10.174199    10.31566525]
 [ 12.66507936  10.19100048  11.31442963  10.30106741  10.57052368
   10.30175118  10.3326214   10.28907745  10.26036593  10.35049288
   10.31049406  10.40335991]
 [ 12.65829953  10.14118851  11.50636929  10.27116398  10.4053842
   10.26075333  10.369963    10.28677824  10.29442397  10.27251304
   10.29377947  10.54859459]
 [ 12.68849259  10.19575155  11.56480645  10.24890983  10.3975617
   10.27334674  10.28897396  10.28232564  10.26263373  10.32441859
   10.2941372   10.53085152]
 [ 12.79349976  10.37151008  10.41772215  10.51905901  10.43517513
   10.29951363  10.6093523   10.31325984  10.34697492  10.35342362
   10.34612377  10.57155551]
 [ 11.60369462  10.34257868  10.40975251  11.31779238  11.35905071
   10.33743911  10.29569664  10.29295326  10.26122142  10.32741495
   10.25248775  10.52554847]
 [ 12.6809761   10.23466976  11.3716129   10.30077872  10.62855057
   10.27831853  10.33453541  10.34910586  10.28931897  10.35095672
   10.37554062  10.52642687]
 [ 12.67786821  10.21769769  11.6283171   10.27732591  11.45106746
   10.22071295  10.32770533  10.27105447  10.3183023   10.2243907
   10.28497039  10.28019418]
 [ 10.27766434  11.44493241  11.51584738  10.41826439  11.18173907
   10.32779246  10.25065096  10.2774856   10.1832468   10.30277077
   10.17059518  10.35248453]
 [ 12.67905727  10.2138412   11.4626959   10.31222781  10.39943187
   10.2803874   10.33533797  10.26681938  10.25134235  10.29969785
   10.28916705  10.50905451]
 [ 12.67261474  10.20039653  11.47603471  10.30947554  10.37417631
   10.28866659  10.32464953  10.27927071  10.25349059  10.28955069
   10.25222647  10.59869303]
 [ 12.72634832  10.28289196  11.52964184  10.26225411  10.37153774
   10.29797225  10.24330459  10.27914716  10.22335259  10.32167176
   10.25179724  10.5467377 ]
 [ 12.6996455   10.40125954  10.41192438  10.66377104  10.39329603
   10.31056687  10.58488179  10.30654426  10.33262463  10.3476344
   10.33048322  10.55299583]
 [ 11.5053842   10.41386426  10.38069363  11.46970396  11.31737282
   10.35803136  10.27951999  10.29063832  10.23377393  10.33651217
   10.22778025  10.46820823]]
Effective wind speeds: [[ 13.75738191  13.9191688   13.49895144  13.46745305  13.77249558
   13.37092306  13.93949128  13.96385965  13.99716145  13.71885362  14.
   14.        ]
 [ 13.6655555   14.          13.93068929  14.          13.38900759  14.
   13.50656206  13.7959042   13.6704359   13.79344816  13.99586775  14.        ]
 [ 13.64152117  14.          13.64208992  14.          13.58132212  14.
   13.87666362  14.          13.99542971  14.          13.72579943  14.        ]
 [ 14.          14.          13.62096596  14.          13.921966    14.
   13.92717825  14.          13.19903191  14.          13.58123078  14.        ]
 [ 14.          14.          14.          13.95200345  13.32551932  14.
   14.          14.          13.40715669  14.          12.85306162  14.        ]
 [ 14.          14.          14.          12.732619    13.89506335  14.
   13.10478777  13.51888525  13.7428823   14.          13.98146488  14.        ]
 [ 14.          14.          13.24399521  13.69426703  12.31862292  14.
   14.          12.9395689   13.99764508  14.          14.          14.        ]
 [ 14.          14.          12.45483859  14.          13.65114788
   13.99479229  13.97147399  13.42689212  13.72248178  14.          13.26954673
   14.        ]
 [ 14.          14.          13.9730172   14.          14.          13.6929855
   13.56166313  13.96167659  13.34011505  13.43499972  13.80424878
   13.43717511]
 [ 14.          14.          14.          13.49968653  14.          13.68897805
   13.41861861  13.83693001  13.62590452  13.50901246  13.79643857
   13.45527008]
 [ 14.          13.72230789  14.          13.55104628  14.          13.47988062
   14.          13.87731842  14.          13.99553714  14.          13.73609874]
 [ 14.          13.48430887  14.          13.91943805  14.          13.92653912
   14.          13.20692756  14.          13.58785791  14.          14.        ]
 [ 14.          13.28130551  14.          13.98347044  14.          13.90024218
   14.          13.42072718  14.          12.85916275  14.          14.        ]
 [ 14.          12.50539243  13.92098215  13.3402037   14.          13.45542099
   14.          14.          14.          13.98181375  14.          14.        ]
 [ 13.38658214  13.67094017  12.58122135  14.          14.          12.93762184
   14.          14.          14.          14.          14.          14.        ]
 [ 12.77015127  13.41487034  13.69772425  13.78684543  14.          13.31673994
   14.          13.83098991  14.          14.          14.          14.        ]] m/s
Max SPL: 41.5001738956 dB
SPL: [[ 41.49999999  41.49999999  41.25031297  40.72429477  38.04548633
   41.49999999  40.9202377 ]
 [ 41.5         41.5         41.16405755  40.6713949   38.08797735  41.5
   41.02971853]
 [ 41.5         41.5         41.13585891  40.56823693  37.55904008  41.5
   40.72962535]
 [ 41.50010612  41.50010391  41.18926506  40.45532258  37.6452141
   41.50017043  40.84388857]
 [ 41.5         41.5         41.20617273  40.62871206  37.64237729  41.5
   40.83794455]
 [ 41.50008597  41.500045    41.49693651  40.68651306  37.64223195
   41.50005447  40.83492739]
 [ 41.5         41.5         41.07755046  40.72575692  37.62016261  41.5
   40.76160585]
 [ 41.5         41.5         41.23291657  40.70028853  37.6219597   41.5
   40.76974719]
 [ 41.50011574  41.5000827   41.2421382   40.71949988  38.04903561
   41.5001739   40.92070304]
 [ 41.5         41.5         41.16406487  40.67108601  38.09193116  41.5
   41.0310464 ]
 [ 41.5         41.5         41.14206358  40.57345465  37.55880122  41.5
   40.72948158]
 [ 41.50000491  41.50000367  41.20981392  40.47175574  37.64611494
   41.50000622  40.84306309]
 [ 41.5         41.5         41.21486905  40.6363238   37.6423397   41.5
   40.83688439]
 [ 41.5         41.5         41.49809083  40.68600121  37.64279184  41.5
   40.83598248]
 [ 41.5         41.5         41.07232065  40.72094113  37.61833075  41.5
   40.75884508]
 [ 41.50001871  41.50000975  41.22218127  40.6947298   37.61882677
   41.50002992  40.76307682]] dB
