
CONSTRAINT SATISFIED WITHIN LIMITS
Wind Directions: [   0.    22.5   45.    67.5   90.   112.5  135.   157.5  180.   202.5
  225.   247.5  270.   292.5  315.   337.5] degrees
AEP: 232747947.874 kWh
X-locations (initial): [ 460.  850.  320.  750.  180.  630.  100.  540.  110.  470.  100.  440.] m
X-locations (final): [  606.32479037  1026.22263123   473.33757203   855.06599071   322.95481731
   791.78601758   103.86288785   731.88704509   426.11673855   681.60356926
   213.28331537   627.48197105] m
Y-locations (initial): [  140.   320.   350.   500.   590.   770.   850.  1000.  1150.  1300.
  1430.  1570.] m
Y-locations (final): [    0.           278.58366814   236.12974127   334.30982375   416.32855448
   752.82522164   715.10691272  1027.16807513   962.85906482  1390.90990717
  1337.74202463  1650.        ] m
RPM: [[ 13.45084285  13.27721567  13.49475575  13.35968357  13.7241986
   13.4732016   13.48999775  13.42385915  13.58439538  13.20327743
   13.61572319  13.9403741 ]
 [ 14.0745464   13.64680231  13.71821031  13.72296444  13.52475477
   13.60038777  13.45206286  13.58852237  13.42946108  13.4834347
   13.34112717  13.69073356]
 [ 13.22828075  13.014877    13.59839282  13.19716944  13.65466003
   13.52427376  13.10176729  13.51940113  13.51028619  14.20558645
   13.42617349  14.21849706]
 [ 13.56151645  13.16400644  13.16787011  13.20982141  13.6763029
   13.6243739   13.20837827  13.48122993  13.14308297  14.06473264
   13.42112666  14.17796055]
 [ 13.6684277   13.01121646  13.41770999  13.03032773  13.62047993
   13.58399543  13.16806292  13.76809595  13.53266608  13.81065389
   13.1859719   14.22587079]
 [ 13.99924125  13.01270878  13.99778176  11.97139535  13.71599158
   13.57866458  13.08153487  13.7941074   13.11116336  14.05584297
   13.19354884  14.08910783]
 [ 13.53377989  13.06027788  13.03579069  13.41715033  11.73747993
   13.5096355   13.25246568  14.23043863  13.72673564  14.34228066
   13.2648852   14.41525474]
 [ 13.56820006  13.13937774  13.08443647  13.69177887  13.81287778
   13.19003131  13.7401903   12.87401363  14.02818798  13.73757587
   13.43328493  13.15787554]
 [ 13.52532824  13.15131524  13.62151205  13.38391396  13.75280958
   13.46342133  13.58381769  13.51657757  13.48259556  13.23945034
   13.7143676   13.55521834]
 [ 14.00361202  13.63198181  13.74561775  13.69964281  13.63996767
   13.61574134  13.39931542  13.61643615  13.51743666  13.41213487
   13.27208144  13.72857184]
 [ 13.4310103   13.03212414  13.63939563  13.13741203  13.72582797
   13.52929499  13.45047492  13.52548103  13.16316579  14.02959502
   13.59671221  13.74384998]
 [ 13.62230393  13.21007155  13.48855738  13.05493251  13.62219075
   13.63197569  13.35373261  13.14305979  13.39998341  13.95395737
   13.30122275  14.02482836]
 [ 13.74742379  12.8400367   13.69764773  13.29665456  13.64474505
   13.38127902  13.29883382  13.64923771  13.51781537  13.55464702
   13.20659312  14.06751325]
 [ 14.29976975  12.05422952  14.2152575   13.19148454  13.72703713
   13.31329787  13.15401051  13.76880843  13.36077849  13.80460886
   13.10470023  13.77763082]
 [ 13.57083891  13.2151229   11.70496302  13.73279017  12.81657102
   13.21330356  13.37605331  14.2120968   13.66987838  14.24305365
   13.20980885  14.26203826]
 [ 13.10680133  12.88846617  13.59934467  14.04535436  14.10310462
   13.07403292  13.57456856  13.43987624  13.53940782  13.1037298
   13.4154321   13.77706462]]
Effective wind speeds: [[ 13.58586569  14.          13.61869004  13.78679219  13.96722019
   13.68938566  13.98393259  13.51347351  14.          13.54184125  14.
   14.        ]
 [ 13.97407121  14.          13.80952301  14.          13.65608212  14.
   13.9901757   14.          13.63997246  14.          14.          14.        ]
 [ 13.75985954  14.          14.          14.          13.9095802   14.
   13.10503869  14.          14.          14.          13.61575866  14.        ]
 [ 13.99462013  14.          13.22874398  14.          14.          14.
   13.62659244  14.          13.20999596  14.          14.          14.        ]
 [ 14.          14.          13.49544471  13.15405766  13.79340585  14.
   13.43282163  14.          13.7861617   14.          13.61685589  14.        ]
 [ 14.          14.          14.          12.0018953   13.99918701  14.
   13.38983289  14.          13.16352392  14.          13.86078152  14.        ]
 [ 14.          14.          13.62878185  13.9790072   11.66240356  14.
   13.10405893  14.          13.60673697  14.          13.07814568  14.        ]
 [ 14.          14.          12.85640145  14.          13.85708478
   13.30103526  13.98948685  12.53721873  14.          13.90392033
   13.58991464  12.81389301]
 [ 14.          14.          14.          14.          14.          13.79885793
   14.          13.69945972  13.61524371  13.46100632  13.98282363
   13.4396498 ]
 [ 14.          14.          14.          13.97318397  14.          13.92505623
   14.          13.82028441  13.99983884  13.50149173  14.          13.92210054]
 [ 14.          13.95765175  14.          13.7534563   14.          13.90691903
   14.          14.          13.12457547  13.87073082  14.          13.64429712]
 [ 14.          13.99420209  14.          13.1919814   14.          14.
   14.          13.13848519  13.99991296  14.          14.          14.        ]
 [ 14.          12.92039893  14.          13.79961634  14.          13.45781587
   14.          13.79367958  14.          13.65094387  14.          14.        ]
 [ 14.          11.76231561  13.99921502  13.63695224  14.          13.19135867
   14.          13.87525056  14.          14.          14.          14.        ]
 [ 13.59003364  13.56414799  11.58442816  13.99918948  13.21931119
   13.12292495  14.          14.          13.99607108  14.          14.
   14.        ]
 [ 12.82849085  12.74710243  13.85902724  13.97111821  13.99001634
   12.89916748  14.          13.91681129  13.62323295  12.8227364   14.
   14.        ]] m/s
Max SPL: 45.5003744733 dB
SPL: [[ 45.5         45.33331064  44.95166082  44.80300489  41.6249122
   45.50000001  44.43915668]
 [ 45.5000001   45.50000007  45.01268368  44.80824514  41.77703592
   45.50000004  44.34245369]
 [ 45.50035792  45.45960615  45.17037211  44.93936997  41.36180271
   45.50015502  44.20070449]
 [ 45.50000414  45.42395649  45.10789793  44.92217536  41.31820206
   45.50000145  44.16206044]
 [ 45.50023361  45.42948008  45.09197241  44.91814273  41.32863028
   45.50030592  44.18375945]
 [ 45.5         45.4154445   45.20075385  44.87202526  41.34521115  45.5
   44.22276677]
 [ 45.49983693  45.49959646  45.08721265  45.01760675  41.30188704
   45.49935073  44.04879245]
 [ 45.50000182  45.27809671  44.75899012  44.6223869   41.30565011
   45.50000219  44.29047035]
 [ 45.50037447  45.30620291  44.85847054  44.71994894  41.63551095
   45.5001788   44.45827243]
 [ 45.5         45.5         45.01001479  44.80484751  41.79032636  45.5
   44.35306433]
 [ 45.50027527  45.3854561   45.01937753  44.81614303  41.35709014
   45.50022859  44.23771518]
 [ 45.50000974  45.37462345  45.03398824  44.85425846  41.32285172
   45.50000212  44.19685551]
 [ 45.50009146  45.36278142  44.99362477  44.84872039  41.33141909
   45.50014268  44.2214191 ]
 [ 45.50000034  45.35572205  45.10124758  44.77077024  41.35668882
   45.50000054  44.27539534]
 [ 45.49999949  45.45725105  45.02675853  44.9659325   41.29433363
   45.49999798  44.05982605]
 [ 45.5         45.30148501  44.83792909  44.69962385  41.32056043  45.5
   44.29199945]] dB
