
CONSTRAINT SATISFIED WITHIN LIMITS
Wind Directions: [   0.    22.5   45.    67.5   90.   112.5  135.   157.5  180.   202.5
  225.   247.5  270.   292.5  315.   337.5] degrees
AEP: 179460647.868 kWh
X-locations (initial): [  523.67119291  1200.            74.14717779  1126.37800913   381.72271461
   902.14896711   158.83606742   690.57802428    65.85430079   480.62123205
     0.           565.10212808] m
X-locations (final): [ 507.05899929  776.96644729   52.25917     746.17769656  424.79234044
  692.82302797  320.67753104  672.16253707  470.41728266  648.67951315
  442.54791575  753.55983123] m
Y-locations (initial): [    0.            53.36510941   110.53977547   426.51549141   537.74545889
   620.61492594   869.55818156   972.66940032  1249.49052419  1307.00375429
  1585.98075981  1650.        ] m
Y-locations (final): [   49.03361088   210.89054221     0.           393.94834859   517.26176562
   565.85902114   756.98972608   844.0679266   1235.17692039  1260.12841698
  1604.14494159  1650.        ] m
RPM: [[ 12.88047055  11.49182256  13.04410566  10.62335892  12.67849324
   12.50519742  11.60577487  10.33189231  10.34361728  11.54179375
   11.06151284  12.60197919]
 [ 12.68334262  11.64368027  12.80767618  11.59757212  12.67945247
   11.24990474  12.59273401  11.50724307  11.13074473  11.17119654
   10.40217822  11.51846947]
 [ 12.83588809  11.57311669  13.02601252  11.5104301   12.7049133
   10.3783963   10.68053346  10.34371577  11.1191088   12.57071526
   10.39841334  12.58578762]
 [ 12.72395946  11.1806202   12.895197    11.53619469  12.61981497
   11.28045704  11.12098369  11.31090198  10.33477906  11.1950214
   11.17587371  12.6874048 ]
 [ 11.70558283  11.55356734  12.65983595  11.56480509  12.5573974
   11.33839825  12.49624916  11.36585128  10.22154098  11.14039445
   10.24063798  12.7535425 ]
 [ 12.84942206  11.64524428  12.97914279  11.17813362  11.25894758
   11.55515207  10.35831707  11.65109191  10.45207906  11.59579556
   12.2479877   11.92282083]
 [ 12.89078241  11.62191704  12.97108316  10.71387666  11.34781262
   11.55402408  11.09121009  11.33448675  11.07944798  12.18054881
   10.34623531  12.6583388 ]
 [ 12.99744254  11.55918219  13.12860439  10.3680718   12.74698905
   10.4557737   10.46354811  12.71729127  10.41308982  12.67044375
   10.34333658  12.50396481]
 [ 12.99144662  11.86611004  13.0427403   10.45059956  12.69162961
   11.34986209  11.516841    10.32079121  11.10937803  12.53266002
   10.32994006  12.55046167]
 [ 12.76130955  11.58723973  12.89456885  12.65667301  12.68315455
   10.41292841  11.35406966  11.44163411  11.15032513  11.17835576
   11.39388144  11.49589955]
 [ 12.79898837  11.35882362  12.98443631  10.61303621  11.69217298
   12.58133709  10.64085984  11.18450218  10.36938215  12.61631495
   11.40111016  11.49274804]
 [ 12.76039136  11.18261122  12.87098172  11.5039374   12.6529904
   11.22269069  11.08455774  11.33189807  11.07253135  11.21192916
   10.39105641  12.76238341]
 [ 12.67387719  11.30636135  12.77169389  11.36991078  12.63950078
   11.23027554  11.07809445  11.5384883   10.29412834  11.22236852
   11.08779318  12.72274258]
 [ 12.78523364  12.59538141  13.04642315  10.30071573  11.51069148
   10.32195853  10.62649695  12.58518065  11.16442984  11.07612786
   11.18692199  12.53892361]
 [ 12.86222042  10.62874052  12.9205589   11.58424875  12.67132376
   11.6303969   10.35105137  11.5431842   11.14129736  11.4485889
   10.38746972  12.74140146]
 [ 13.03909476  11.56596493  13.15341318  10.4238781   12.54090691
   10.61102991  10.3436158   12.71034805  10.38572666  12.64741631
   10.3262296   12.49010032]]
Effective wind speeds: [[ 13.77675898  13.1139516   14.          13.35152274  13.42160365
   12.95777533  13.99466228  13.15545253  13.30380069  13.98865855  14.
   14.        ]
 [ 13.39556755  14.          13.52947408  14.          13.94880984  14.
   13.57119398  14.          13.98076738  13.7237546   14.          14.        ]
 [ 13.79340991  14.          13.72080404  14.          13.833149    14.
   14.          14.          13.99306714  14.          14.          14.        ]
 [ 13.6172444   14.          13.88112001  14.          13.4842023   14.
   13.44017673  14.          13.14018328  14.          13.75117855  14.        ]
 [ 14.          14.          13.6790503   14.          13.62821702  14.
   13.99248784  14.          12.99540831  14.          13.45156515  14.        ]
 [ 14.          14.          14.          14.          12.83842339  14.
   13.01138374  14.          13.99957226  14.          14.          14.        ]
 [ 14.          14.          14.          14.          13.3958606
   13.92014614  13.58232532  14.          14.          14.          13.96440498
   14.        ]
 [ 14.          14.          14.          12.95619842  13.97713005
   12.21834474  11.98394345  13.91388126  13.1167478   14.          13.68621829
   14.        ]
 [ 14.          14.          14.          13.02521004  13.96729446
   13.68908109  14.          12.90244985  13.25964661  13.17893022
   13.02325605  13.50770816]
 [ 14.          14.          14.          13.89890095  14.          13.16934286
   13.61374209  13.98430754  13.62639004  13.77053026  14.          13.52596478]
 [ 14.          13.74121527  14.          13.9287886   13.99538429
   13.50132588  14.          13.7701991   14.          14.          14.
   13.99581177]
 [ 14.          13.4346005   14.          13.99137347  14.          13.30525692
   14.          13.46865511  14.          13.1642902   14.          13.85194589]
 [ 13.59769749  14.          14.          14.          14.          13.50716524
   14.          13.99296918  14.          13.1834238   14.          13.61832012]
 [ 14.          14.          14.          12.74710733  14.          13.20440151
   14.          14.          14.          13.99961215  14.          14.        ]
 [ 14.          13.20829008  14.          13.72292621  13.98126003  14.
   14.          14.          14.          13.97647222  14.          14.        ]
 [ 13.9571961   12.82351022  14.          12.40081119  12.83437834
   13.63394951  14.          13.58221836  13.99907685  13.85743959  14.
   14.        ]] m/s
Max SPL: 43.0002788342 dB
SPL: [[ 43.          42.9825109   43.          42.65218065  39.50454587  43.
   42.38616825]
 [ 43.00013882  43.00026721  42.77755286  42.46519603  39.39567685
   43.00027883  42.47605993]
 [ 43.00000665  43.00000572  42.99737626  42.55800028  39.13697943
   43.00000722  42.34338817]
 [ 43.00007622  43.00003619  42.98522941  42.46294775  39.14429624
   43.00011602  42.34430509]
 [ 43.00000014  42.98771748  42.89154861  42.61721545  39.12321379
   43.00000013  42.32885799]
 [ 43.00000968  43.00000582  43.00001749  42.74101912  39.1202765
   43.00002024  42.2707498 ]
 [ 43.          43.          42.74792131  42.60339748  39.13345314  43.
   42.30606015]
 [ 43.          42.95737947  43.          42.58604942  39.16221767  43.
   42.31133749]
 [ 43.00003008  43.00002559  43.00001872  42.60922129  39.5991736
   43.00003279  42.39540354]
 [ 43.00000095  43.00000076  42.84951893  42.59722255  39.37377803
   43.00000095  42.43099249]
 [ 43.          43.          42.87653306  42.5528781   39.12876033  43.
   42.32174009]
 [ 43.          43.          42.95520605  42.41988598  39.14497409  43.
   42.35522171]
 [ 43.00000006  43.00000009  42.97213187  42.75737524  39.13346028
   43.00000006  42.32386456]
 [ 43.          43.          43.          42.6561954   39.12692231  43.
   42.3047029 ]
 [ 43.00000004  43.00000002  42.72260704  42.58291406  39.14450496
   43.00000002  42.33292798]
 [ 43.          42.95719483  43.          42.58780683  39.16205121  43.
   42.31070804]] dB
