
CONSTRAINT SATISFIED WITHIN LIMITS
Wind Directions: [   0.    22.5   45.    67.5   90.   112.5  135.   157.5  180.   202.5
  225.   247.5  270.   292.5  315.   337.5] degrees
AEP: 246150245.698 kWh
X-locations (initial): [ 460.  850.  320.  750.  180.  630.  100.  540.  110.  470.  100.  440.] m
X-locations (final): [  621.51152008  1088.35981832   452.63875793   910.12883724   369.6885152
   838.4039242    211.21988359   724.37950699   290.14065299   571.11814643
   158.08342447   504.4087197 ] m
Y-locations (initial): [  140.   320.   350.   500.   590.   770.   850.  1000.  1150.  1300.
  1430.  1570.] m
Y-locations (final): [   26.34263568   326.17835535   169.46045614   448.21564935   539.5901233
   814.91186644   644.77655497  1026.05481363   951.28015501  1323.59517497
  1435.67511826  1650.        ] m
RPM: [[ 14.15531394  13.78375668  14.12515114  14.22896123  14.42033597
   14.40855192  13.99475562  14.49295543  14.39055204  14.38304109
   14.37875504  14.48250434]
 [ 14.34377638  14.04374056  14.3639994   14.2990415   14.38146863
   14.40741673  13.4976315   14.4555888   14.22254338  14.47458516
   14.29099678  14.48385787]
 [ 14.31541587  13.69495648  14.37400694  14.23764461  14.33529201
   14.37826319  14.22009138  14.31254589  14.01490014  14.32907239
   13.78289866  14.3958606 ]
 [ 14.34316605  13.81403303  14.31207858  14.27317883  14.25461388
   14.32121009  13.98626703  14.36799579  14.12320262  14.35374094
   13.63837748  14.34538966]
 [ 14.335877    13.78638414  14.35313198  14.24904143  14.20630088
   14.34079052  14.22155949  14.33894244  13.98574217  14.31820984
   13.61009826  14.32444983]
 [ 14.64943235  14.2191339   14.22535143  13.19903785  14.18027674
   14.749027    12.77726879  14.74634002  14.41297399  14.61795087
   13.73779639  14.68793783]
 [ 14.4349784   14.56996791  12.79232239  13.64099862  14.44181773
   14.7023063   13.32710957  14.25784142  14.46627719  14.73296859
   13.79095116  14.73866657]
 [ 14.57902535  14.31606739  14.78930506  14.45107836  14.06569787
   13.57228219  14.5861995   12.55836451  14.53747438  13.44801536
   14.80679121  13.60135304]
 [ 14.30661182  13.63030385  14.37867071  14.22573087  14.45005614
   14.31929267  14.38179833  14.45864005  14.26025673  14.38259078
   14.26461455  14.31335577]
 [ 14.36199783  14.01674287  14.41598154  14.28615347  14.39769588
   14.40069371  14.25420486  14.41712317  13.59378866  14.31139307
   14.32176722  14.45083121]
 [ 14.32546672  13.72693464  14.36880534  14.23751653  14.33189602
   14.37502506  14.26929511  14.23895524  14.23208791  14.13955232
   13.76143139  14.32306034]
 [ 14.39916059  13.77893257  14.39114175  14.30777897  14.32471443
   14.15413901  14.21894605  14.33386923  14.13839197  14.34209441
   13.55915265  14.17704281]
 [ 14.33586048  13.82005575  14.35405516  14.1587329   14.26682374
   14.34050626  14.22564762  14.28777298  14.10847803  14.32140531
   13.52042005  14.33609152]
 [ 14.44837582  13.41379142  14.77067387  14.66756327  12.89060492
   14.84540575  13.70571457  14.77405592  14.35653755  14.27060188
   13.73870815  14.47443039]
 [ 12.90300009  13.82969971  14.36684742  14.74564724  13.46989713
   14.12496235  14.18244188  14.64046917  14.34573706  14.56660187
   13.79403946  14.47624673]
 [ 14.36034827  14.67908122  14.27534122  13.86305036  14.62053306
   13.04803544  14.80142978  12.65040121  14.10954657  13.75885316
   14.42402851  14.46264133]]
Effective wind speeds: [[ 13.72792361  14.          13.62797185  13.88130107  13.94654699  14.
   13.586743    14.          14.          13.81347519  14.          14.        ]
 [ 13.97570284  14.          13.90312801  14.          13.99656504  14.
   13.18735306  14.          13.85434648  14.          14.          14.        ]
 [ 13.99010414  14.          13.99864249  14.          13.98887599  14.
   13.89285907  14.          13.79836969  14.          13.91595994  14.        ]
 [ 13.99404374  14.          13.92140376  14.          13.90724991  14.
   13.7915721   14.          13.941327    14.          13.80491931  14.        ]
 [ 14.          14.          14.          14.          13.88457191  14.
   13.99882674  14.          13.90938162  14.          13.99362445  14.        ]
 [ 14.          14.          13.42329589  12.49589243  13.92027923  14.
   11.99611874  14.          13.96209835  14.          13.59793546  14.        ]
 [ 14.          14.          11.93303256  12.9576578   14.          14.
   12.84014722  13.45654968  13.94334757  13.98113669  13.57217698  14.        ]
 [ 14.          14.          14.          14.          13.01418165
   13.3115183   13.32311624  12.10136182  13.35891681  12.34910963
   13.37624907  12.32678583]
 [ 14.          14.          14.          14.          13.96974519
   13.88315369  14.          13.93208512  13.72174209  13.74148996
   13.68994212  13.58687944]
 [ 14.          14.          14.          13.97741422  14.          13.9732795
   14.          13.90670325  13.26373086  13.67853423  14.          13.85575984]
 [ 14.          13.99418215  14.          13.99153542  14.          14.
   14.          13.89268985  14.          13.80011985  14.          13.9215971 ]
 [ 14.          13.92895579  14.          13.95770563  14.          13.77361739
   14.          13.94256192  14.          14.          14.          13.82243416]
 [ 14.          14.          14.          13.88436992  13.99883718  14.
   14.          13.91135747  14.          13.99421707  14.          14.        ]
 [ 13.41936623  12.3896995   14.          13.96614148  12.16524271
   13.96308336  14.          14.          14.          13.63185897  14.
   14.        ]
 [ 11.9439168   12.94341361  14.          13.94492937  12.86592207
   13.33072413  14.          13.981224    14.          14.          14.
   14.        ]
 [ 13.0084029   13.28123592  13.07916941  12.70024156  13.80795634
   12.03023164  14.          12.2195237   13.40225445  13.31837803  14.
   14.        ]] m/s
Max SPL: 46.501543735 dB
SPL: [[ 46.50026512  46.38135039  45.77876817  45.99560484  42.67349277
   46.50029746  45.22059252]
 [ 46.50000211  46.37789687  45.77400571  45.96608796  42.37549868
   46.50001913  45.11927158]
 [ 46.50001202  46.28460519  45.65556726  45.81151156  42.28968022
   46.50000692  45.10364355]
 [ 46.50154374  46.27922076  45.62837034  46.06480377  42.25167341
   46.50031782  45.06092307]
 [ 46.50000292  46.2672704   45.60162642  45.60819323  42.25109417
   46.50000207  45.06866438]
 [ 46.50005815  46.32781397  45.83069685  45.89322783  42.23709196
   46.50014434  44.98174149]
 [ 46.50005719  46.30200479  45.5069542   45.90531826  42.21069813
   46.50013045  44.9018072 ]
 [ 46.50025562  46.00094742  45.24895684  45.55715306  42.20715965
   46.50044618  45.21873569]
 [ 46.50000003  46.35855133  45.73262306  45.94017746  42.68315733
   46.4999966   45.25277731]
 [ 46.50009545  46.35071312  45.73007594  45.92492342  42.37404898
   46.50019987  45.14953024]
 [ 46.50000943  46.26900177  45.62321586  45.78191217  42.2889162
   46.50000776  45.11223705]
 [ 46.49992489  46.25587923  45.58855145  46.01577396  42.25684779
   46.50001899  45.08717562]
 [ 46.50135961  46.26456201  45.59862852  45.60449842  42.25371242
   46.50006927  45.0760846 ]
 [ 46.4942612   46.3321847   45.81607984  45.83324368  42.24382893
   46.50010377  45.01377684]
 [ 46.36688529  46.22944733  45.44194978  45.83862745  42.20091638
   46.50006422  44.92285607]
 [ 46.40829903  45.9912258   45.38076118  45.70858236  42.19968741
   46.50004362  45.16506255]] dB
