
CONSTRAINT SATISFIED WITHIN LIMITS
Wind Directions: [   0.    22.5   45.    67.5   90.   112.5  135.   157.5  180.   202.5
  225.   247.5  270.   292.5  315.   337.5] degrees
AEP: 166244397.728 kWh
X-locations (initial): [ 460.  850.  320.  750.  180.  630.  100.  540.  110.  470.  100.  440.] m
X-locations (final): [ 485.47484386  861.76767349  383.3921213   758.11483393  296.75998446
  722.92729924  271.53331377  677.02586101  359.01730435  646.18347649
  348.80462487  736.15868262] m
Y-locations (initial): [  140.   320.   350.   500.   590.   770.   850.  1000.  1150.  1300.
  1430.  1570.] m
Y-locations (final): [   35.07549937   296.58856036   183.32909116   443.74998168   341.11168863
   830.62834471   659.3930899   1013.09459159   953.41411124  1334.80560353
  1369.02845376  1650.        ] m
RPM: [[ 12.79750821  11.2507155   12.69711757  10.35578406  12.16236747
   10.56366104  10.56774529  10.21115774  10.31336839  11.32394212
   10.53146966  12.5676767 ]
 [ 12.95034401  10.47476247  12.67780951  11.61901042  11.80823817
   11.32266635  11.1162175   10.42884043  11.06787826  10.31653157
   10.26227821  11.59248455]
 [ 12.64985314  10.18497395  12.7193417   11.09530571  11.84937486
   12.5776748   10.27329147  10.34602824  10.37387834  10.52276022
   10.29630911  11.64564058]
 [ 12.72538561  10.2872524   12.69838875  11.0653372   11.6754772
   10.62382086  10.37136754  12.6034019   10.34350895  10.44165038
   10.32821783  11.41263188]
 [ 12.54344296   9.96108595  12.12464717  12.41082466  10.53085346
   10.87286195  11.35876298  11.06996307  10.53831878  10.5128367
   10.36948715  11.84609145]
 [ 12.82413102  10.51078838  12.80398406  10.4916017   11.17417173
   11.10117009  10.37693261  12.61307045  10.32897668  10.61076943
   10.48600719  11.14294851]
 [ 12.77890609  11.05223491  10.70654823  11.11949004  11.79997701
   10.61340957  10.58921022  12.57866544  10.46918274  11.18745697
   10.51512646  11.19426184]
 [ 12.71171588  11.65119404  10.90895381  10.71872111  10.91759394
   11.19704539  10.65515841  10.43460079  11.22109138  11.42611708
   10.22325881  12.69029244]
 [ 12.73698733  10.27908238  12.71120979  10.95252333  12.72759726
   10.83644737  10.33645782  11.25060317  10.27614823  11.29509613
   10.32601443  11.78300338]
 [ 12.80674731  10.3659756   12.76709026  11.6187383   12.75730697
   11.35945721  10.55392995  10.62445041  10.41999125  10.38484831
   10.49398197  11.5824756 ]
 [ 12.65508482  10.63159831  12.73791435  11.55486845  11.76502164
   10.38959467  10.33652144  10.30688784  10.28580153  11.15212173
   10.19763343  12.64125982]
 [ 12.89716883  10.42302737  12.76034197  11.46477008  11.8210078
   10.36043529  10.31009142  10.31657276  10.28005088  11.05914534
   10.24931061  12.7469509 ]
 [ 12.84585905  10.38537169  12.69391475  11.48115238  11.38710253
   10.4013292   10.9328291   11.07890563  10.19402844  10.45585034
   10.06304078  12.74933439]
 [ 12.78444593  10.33453121  12.75050736  11.00948086  11.68108806
   11.18104311  10.32693585  11.29714488  10.27276853  10.92969438
   10.22639704  11.77164369]
 [ 11.48994372  11.16325031  11.46924149  10.89671162  12.28827489
   12.76025582  10.71852358  11.07117036  10.36894576  10.39619473
   10.3693434   11.47480305]
 [ 12.63843778  10.44577122  10.51130318  12.62426336  11.71640556
   11.19386552  10.62641134  10.3276571   10.45923394  11.19876962
   10.31530752  12.75589905]]
Effective wind speeds: [[ 13.99776001  13.99552631  13.51797429  13.31634982  13.16583083
   13.11215566  13.85226558  13.13323353  13.1275852   13.92073982  14.
   14.        ]
 [ 13.94608881  14.          13.69001307  14.          13.86933935  14.
   13.23888123  14.          13.86615048  13.40110633  14.          14.        ]
 [ 13.89863225  14.          13.87007948  14.          13.62018494  14.
   13.39847382  14.          13.91605717  14.          13.79197465  14.        ]
 [ 13.99793251  14.          13.87643504  14.          13.87882688  14.
   13.09201651  14.          13.55738261  14.          14.          14.        ]
 [ 14.          14.          14.          14.          13.56562594  14.
   14.          14.          13.82669687  14.          13.10508044  14.        ]
 [ 14.          14.          13.98853306  13.98928518  14.          14.
   13.19375559  14.          13.26786122  14.          13.98566324  14.        ]
 [ 14.          14.          12.25144191  12.74220032  13.08609236  14.
   14.          13.98891228  13.81263697  14.          12.60517593  14.        ]
 [ 14.          14.          13.08458573  13.322981    12.65564356
   13.80832508  13.18810626  12.55608436  14.          13.96217559
   13.63195857  14.        ]
 [ 14.          14.          14.          14.          13.99527284
   13.4789601   12.83874271  13.53952921  13.21812755  13.22971107
   12.90616139  13.24479999]
 [ 14.          14.          14.          13.93934206  14.          13.64992096
   14.          13.69015055  13.40649692  13.80033824  14.          13.45950555]
 [ 14.          13.82147733  14.          13.81415555  14.          13.68071081
   14.          13.39995365  14.          13.9210034   14.          13.8530063 ]
 [ 14.          13.78356361  14.          13.85620235  14.          13.16146469
   14.          13.73969316  14.          14.          14.          14.        ]
 [ 14.          13.38138015  14.          13.99874364  14.          14.
   14.          13.86053482  14.          13.20452276  14.          14.        ]
 [ 13.98869761  13.9829088   14.          13.22866771  14.          13.40278398
   14.          14.          14.          13.98700575  14.          14.        ]
 [ 12.42052932  12.75969386  13.0897368   13.87820496  14.          13.98481268
   14.          13.15787781  14.          14.          14.          14.        ]
 [ 13.09049507  13.09278068  12.66181853  13.72113261  13.98351463
   12.86510482  14.          13.9657542   14.          14.          14.
   14.        ]] m/s
Max SPL: 42.5117178141 dB
SPL: [[ 42.5011217   42.50119022  42.43810232  41.98119773  38.95760177
   42.50098656  41.85453002]
 [ 42.50079869  42.50048128  42.18148415  41.7742325   39.18995431
   42.50046148  41.84512568]
 [ 42.50030155  42.50024102  42.17605574  41.69551932  38.56206884
   42.50033442  41.67677292]
 [ 42.49996579  42.50000552  42.16383906  41.68391441  38.57086771
   42.49997178  41.67216219]
 [ 42.49999041  42.49998715  42.22052619  41.72362943  38.54229727
   42.49999068  41.60356122]
 [ 42.50001855  42.50001959  42.30989295  41.72133462  38.55734845
   42.50001974  41.64016994]
 [ 42.50006557  42.50007471  42.06329562  41.78539393  38.52577922
   42.50012231  41.54090526]
 [ 42.50024444  42.48944575  42.50015753  42.01475142  38.51999595
   42.50035321  41.62067003]
 [ 42.50292167  42.50278945  42.27923505  41.84041981  38.9544652
   42.50417427  41.84439483]
 [ 42.50004064  42.4997652   42.17732006  41.77213262  39.31172682
   42.49989174  41.86512806]
 [ 42.50251968  42.50282163  42.39554003  41.86485071  38.56372177
   42.50350288  41.65404427]
 [ 42.50053738  42.5013005   42.41800247  41.88941086  38.58420527
   42.50098635  41.67778749]
 [ 42.50935346  42.51171781  42.37811849  41.83146105  38.58382303
   42.50799582  41.67867816]
 [ 42.50002533  42.50003048  42.42604874  41.79284674  38.57196579
   42.50005927  41.66888162]
 [ 42.5001225   42.50014538  42.02129407  41.74181751  38.53344834
   42.50011785  41.58103528]
 [ 42.50018028  42.50034705  42.50013135  42.00714977  38.53777318
   42.5002815   41.62323025]] dB
