
CONSTRAINT SATISFIED COMPLETELY
Wind Directions: [   0.    22.5   45.    67.5   90.   112.5  135.   157.5  180.   202.5
  225.   247.5  270.   292.5  315.   337.5] degrees
AEP: 256660950.807 kWh
X-locations (initial): [ 460.  850.  320.  750.  180.  630.  100.  540.  110.  470.  100.  440.] m
X-locations (final): [  523.67119291  1200.            74.14717779  1126.37800913   381.72271461
   902.14896711   158.83606742   690.57802428    65.85430079   480.62123205
     0.           565.10212808] m
Y-locations (initial): [  140.   320.   350.   500.   590.   770.   850.  1000.  1150.  1300.
  1430.  1570.] m
Y-locations (final): [    0.            53.36510941   110.53977547   426.51549141   537.74545889
   620.61492594   869.55818156   972.66940032  1249.49052419  1307.00375429
  1585.98075981  1650.        ] m
RPM: [[ 15.52029878  15.97972487  15.29950982  16.1         16.00652498  16.1
   16.09226544  16.1         15.8607674   15.88503043  16.1         16.1       ]
 [ 16.08076802  16.1         16.01076068  16.1         16.09421644  16.1
   15.77728607  16.1         16.1         15.54333179  16.1         16.1       ]
 [ 16.0924414   16.1         16.06229428  16.1         16.08164803  16.1
   16.04378764  16.1         15.61286138  16.1         16.1         16.1       ]
 [ 16.1         16.1         16.05208165  16.1         16.09675294  16.1
   16.08153077  16.1         16.08304615  16.1         16.1         16.1       ]
 [ 15.69550531  16.1         15.59215354  16.1         16.04663018  16.1
   16.09597502  16.1         15.69444692  16.1         15.8536725   16.1       ]
 [ 16.1         16.1         15.931619    16.1         16.09337064
   16.02057114  15.2484696   16.1         14.52871174  16.1         15.67787673
   16.1       ]
 [ 16.1         16.1         16.1         16.1         16.1         14.03235051
   15.72620265  15.77611638  15.66192975  15.93480989  15.30645713  16.1       ]
 [ 16.1         16.1         16.1         15.66687551  15.69629324
   15.77132344  15.08701057  15.76779625  14.59009498  15.87117197
   15.19610884  15.52108049]
 [ 16.1         16.1         16.1         15.97965932  16.1         16.1
   15.8694603   16.1         15.34522031  15.7111984   15.82551788
   15.6103016 ]
 [ 16.1         16.1         16.1         16.1         16.095583
   16.08068935  16.1         16.09426152  16.1         16.01112546  16.1
   15.4565764 ]
 [ 16.1         16.1         16.1         16.09242374  16.06228378  16.1
   16.1         16.08162599  16.1         16.04375768  16.1         15.61271417]
 [ 16.1         16.1         16.1         16.05206854  16.1         16.09675822
   16.1         16.08155132  16.1         16.08302798  16.1         16.1       ]
 [ 16.08914176  15.45083741  16.1         16.07637661  16.1         16.05208525
   16.1         16.09597822  16.1         15.69448343  16.1         15.85369325]
 [ 15.9315008   16.09337725  16.1         15.32329527  16.1         15.7419855
   16.1         14.52830319  16.1         15.67808022  16.1         16.1       ]
 [ 16.1         15.66191699  16.1         13.95492703  15.72691296
   15.54638508  16.1         15.7290421   16.1         16.1         16.1
   16.1       ]
 [ 14.91829389  15.41016656  16.1         15.79171793  14.83421972
   15.68804077  15.16924486  15.87133533  15.45101528  16.1         16.1
   16.1       ]]
Effective wind speeds: [[ 13.49594834  13.89535096  13.3039245   14.          13.91871113  14.
   13.99328625  14.          13.79186032  13.81311574  14.          14.        ]
 [ 13.98329145  14.          13.92238032  14.          13.99496191  14.
   13.71947619  14.          14.          13.51592425  14.          14.        ]
 [ 13.99341938  14.          13.96718678  14.          13.98403211  14.
   13.95108469  14.          13.5765101   14.          14.          14.        ]
 [ 14.          14.          13.95827687  14.          13.99717807  14.
   13.98394137  14.          13.98525052  14.          14.          14.        ]
 [ 13.64834638  14.          13.55829427  14.          13.95348821  14.
   13.99649788  14.          13.64738065  14.          13.78585519  14.        ]
 [ 14.          14.          13.85357219  14.          13.99423826
   13.93082662  13.25925453  14.          12.63340436  14.          13.63303081
   14.        ]
 [ 14.          14.          14.          14.          14.          12.20162203
   13.67475999  13.71850688  13.61902699  13.85642177  13.30989123  14.        ]
 [ 14.          14.          14.          13.62320802  13.6490012
   13.71428032  13.11918289  13.71115886  12.68713583  13.80110556
   13.21431802  13.4965765 ]
 [ 14.          14.          14.          13.89535096  14.          14.
   13.79954313  14.          13.34366696  13.66186337  13.76139513
   13.57424737]
 [ 14.          14.          14.          14.          13.99620059
   13.98329145  14.          13.99496191  14.          13.92268321  14.
   13.44048643]
 [ 14.          14.          14.          13.99341938  13.96718678  14.
   14.          13.98403211  14.          13.95108469  14.          13.5765101 ]
 [ 14.          14.          14.          13.95827687  14.          13.99717807
   14.          13.98394137  14.          13.98525052  14.          14.        ]
 [ 13.99054989  13.43548701  14.          13.9794279   14.          13.95828507
   14.          13.99649788  14.          13.64738065  14.          13.78585519]
 [ 13.85357219  13.99423826  14.          13.32422711  14.          13.68884119
   14.          12.63340436  14.          13.63303081  14.          14.        ]
 [ 14.          13.61902693  14.          12.13603753  13.67476005
   13.51840633  14.          13.67754387  14.          14.          14.
   14.        ]
 [ 12.97235934  13.39959755  14.          13.73228336  12.89942171
   13.64178608  13.19125568  13.80110594  13.43558688  14.          14.
   14.        ]] m/s
Max SPL: 49.039685753 dB
SPL: [[ 48.69537259  47.95414164  47.21984616  47.86130595  44.72945926
   48.77406988  46.93408598]
 [ 48.58082787  47.79925312  47.23292876  47.87009382  44.39712193
   48.98227403  47.09052226]
 [ 48.89865603  47.84441165  47.2703247   47.87960167  44.31934874
   48.99183781  47.12586854]
 [ 48.86182957  47.86781741  47.30029205  47.97812845  44.36992891
   49.03655887  47.16812648]
 [ 48.81140399  47.8086658   47.21295521  47.89707281  44.26009683
   48.92296858  47.04156701]
 [ 48.78142515  47.71465239  47.03973624  47.6464595   44.07882887
   48.66019149  46.89970782]
 [ 48.63426861  47.41539809  46.83835727  47.6362664   44.09126025
   48.72650778  47.01215381]
 [ 48.63453777  47.51556994  46.84550117  47.40769469  43.88907688
   48.41180761  46.82629766]
 [ 48.73453611  47.90842842  47.10658505  47.71502444  44.66694951
   48.67508387  46.96486327]
 [ 48.59114754  47.79955203  47.19248614  47.83666203  44.418289
   49.00169693  47.12593947]
 [ 48.89578745  47.82752118  47.22386366  47.85285811  44.33704704
   49.02690049  47.14875368]
 [ 48.85693168  47.86299443  47.29822229  47.97796118  44.37257039
   49.03968575  47.17336251]
 [ 48.70053008  47.7681613   47.1842538   47.9242896   44.31200908
   48.99189132  47.12024849]
 [ 48.63050676  47.55258325  47.00876641  47.74996412  44.20031662
   48.89919159  47.00930429]
 [ 48.38339889  47.38532196  46.91126565  47.80855482  44.20468647
   48.9180237   47.10397745]
 [ 48.41966834  47.49997499  47.00515443  47.68880004  43.99416582
   48.64430581  46.83346265]] dB
