
CONSTRAINED EXCEEDED!
Wind Directions: [   0.    22.5   45.    67.5   90.   112.5  135.   157.5  180.   202.5
  225.   247.5  270.   292.5  315.   337.5] degrees
AEP: 44520416.3215 kWh
X-locations (initial): [ 460.  850.  320.  750.  180.  630.  100.  540.  110.  470.  100.  440.] m
X-locations (final): [ 293.78926319  575.30323779  383.10861661  930.09576724  462.27023545
  627.48980192  124.37295197  402.89692757  406.25057539  442.96563562
  409.8452523   679.15290031] m
Y-locations (initial): [  140.   320.   350.   500.   590.   770.   850.  1000.  1150.  1300.
  1430.  1570.] m
Y-locations (final): [    0.           320.06469719   282.74536435   702.09515456   478.60817024
   884.62602151   349.68951849   928.96102524   670.05674186  1230.27973479
  1633.45503281  1114.32656512] m
RPM: [[  9.16427206   8.26407209   2.27282022   3.45653091   8.66801122
    8.79934991   1.92442491   7.23080897   6.92861369   2.69735118
    1.7353655    7.85985675]
 [  4.11134976   9.10768722   8.13018269   7.93218906   3.17315612
    8.48689748   9.38090701   1.91681828   2.01236353   8.43777251
    1.95341981   2.03870195]
 [  7.90694423   7.85423196   8.13193347   7.56072462   8.22977898
    7.71075806   2.14472404   2.95687378   8.41004068   8.28411495
    2.97539774   1.95108596]
 [  6.82065228   8.51408563   2.58488262   7.55457213   2.70746994
    7.98227515   3.3162584    7.90558234   2.84965832   7.89908055
    5.50095421   8.00074119]
 [  8.75100819   7.90400542   7.18510002   7.48318038   5.76053566
    6.87674864   2.41934715   8.49035312   2.35695435   5.97864206
    3.01948277   7.83309266]
 [  7.46367809   7.7731618    6.92886847   7.83025067   7.15992908
    6.87092542   2.42226945   7.7367211    2.36555812   6.28704971
    5.84829602   3.81028102]
 [  7.86310185   5.68023993   7.3996177    6.91554716   7.96591484
    8.67107432   2.05365332   8.27397462   1.63102089   4.19062829
    2.55225478   3.1410789 ]
 [  3.59921794   2.35663786   5.013352     1.93616253   5.93474834
    5.58761383   5.73075315   3.58510054  10.43848566   3.48305986
    4.30472586  11.09086636]
 [ 10.12605562   8.20283669   1.95283931   2.50160771   2.52506735
    8.22748188   2.61542071   7.85222856   8.25981669   8.52864079
    2.57239737   2.53295173]
 [  9.46550026   9.05452296   8.12943915   7.62548406   1.89733649
    8.00134571   2.53262102   8.14571193   2.36543265   2.52055323
    2.40753289   8.07184829]
 [  8.77221349   9.06417905   8.1696289    8.16467702   3.29294878
    8.01322285   2.72212922   3.23952165   8.90299965   4.40336036
    2.73419187   3.510785  ]
 [  8.70397634   7.73430421   7.92476921   7.51651148   8.36409008
    1.91765797   2.08689307   7.81588462   2.00214178   1.92715026
    3.00678393   9.67458999]
 [  9.08021544   7.9294755    7.93465444   6.26746174   3.08896841
    7.74772278   1.85902711   7.91330497   8.01651511   3.06166167
    1.79364592   8.13752693]
 [  8.57173251   7.73939712   8.1880162    6.75646838   8.0106158
    4.06860339   2.41703452   4.92269027   8.07145025   2.32045683
    2.81069487   8.17487235]
 [  8.3008422    7.19338247   8.12790203   7.68644464   3.98517962
    7.67085743   2.14707635   3.3636015    1.89753722   6.8907051
    7.08085928   5.98022228]
 [  9.21612637   2.84850382   2.39538344  10.36501332   2.4444296
    2.32933025   2.69752649   7.88225234   1.98794279   8.61306532
    4.78337622   2.20108842]]
Effective wind speeds: [[ 13.99426597  13.74575915  13.65098407  14.          13.92479242
   13.77154088  14.          13.97889429  13.62426731  13.99254527  14.
   14.        ]
 [ 13.61058783  14.          13.65444276  14.          13.5041075
   13.99151139  13.89882532  13.98628289  13.9981331   14.          14.
   14.        ]
 [ 13.74466918  13.78032472  13.97638461  14.          14.          14.
   13.63011757  13.99469631  13.53726941  14.          14.          14.        ]
 [ 14.          14.          13.53031971  14.          13.82093712  14.
   13.8588974   13.95767442  14.          14.          14.          14.        ]
 [ 14.          14.          13.76904994  14.          14.          14.
   13.65174936  13.82110035  13.85053646  14.          14.          14.        ]
 [ 14.          14.          14.          14.          13.99933129
   13.80325521  13.87062473  13.68098485  14.          13.94977022  14.
   14.        ]
 [ 14.          14.          14.          14.          13.88062766
   13.99762293  14.          14.          13.993711    13.86046861  14.
   13.99920258]
 [ 14.          14.          14.          14.          13.99101558  14.
   13.97523794  13.98037447  13.82134242  13.95557741  13.76803164
   13.99919828]
 [ 14.          14.          13.95415971  14.          13.99788205
   13.8086287   14.          13.39385614  13.98137827  13.53022315
   13.54718734  13.71923129]
 [ 14.          14.          13.46235503  14.          13.1847131
   13.60442658  14.          13.98710515  14.          13.98699828  14.
   13.74884186]
 [ 14.          13.65921212  14.          13.55042231  13.99506123
   13.24502399  14.          14.          13.98551237  14.          14.
   13.99039587]
 [ 14.          13.63222758  14.          13.74242434  13.97953403  14.
   14.          14.          14.          14.          14.          13.9610397 ]
 [ 14.          13.76523093  13.99547677  13.80841428  14.          13.69672474
   14.          14.          14.          14.          14.          14.        ]
 [ 14.          13.99925578  13.9888741   13.94436237  14.          13.97383864
   14.          14.          14.          14.          14.          13.97321156]
 [ 14.          13.95549949  14.          13.86238798  13.99976229
   13.99955963  14.          14.          14.          14.          14.
   13.99830909]
 [ 13.98287573  13.93232719  14.          13.99906798  13.9769283
   13.76688737  14.          14.          13.99213416  13.99999959  14.
   13.9872904 ]] m/s
Max SPL: 36.1009222613 dB
SPL: [[ 35.7391399   35.55128294  34.50941346  34.27978752  32.03654664
   35.86164539  35.5207164 ]
 [ 35.74888244  35.74194541  34.58347006  34.47875827  33.06399581
   36.07356886  35.71478196]
 [ 35.95727405  35.79858751  34.6568353   34.56136741  32.21226551
   36.03328248  35.52010385]
 [ 35.30218509  35.7393014   34.9342908   34.85247768  31.60562496
   35.69983784  34.49488218]
 [ 35.64240299  35.60615497  34.48537761  34.23840083  31.8014145
   35.69340262  35.06624225]
 [ 35.12252846  35.00989847  34.09829189  34.01019296  31.24043022
   35.18105927  34.4334904 ]
 [ 35.0430529   34.89525072  33.64466333  33.52726093  31.24631013
   35.14343949  34.54658872]
 [ 34.98937798  35.82696614  35.20345063  34.93063978  31.87496018
   35.99228362  35.55566322]
 [ 35.43161772  35.21750479  34.47323894  34.53905292  32.32104961
   36.05014715  35.62297153]
 [ 36.10092226  35.99367931  34.71453819  34.40328523  32.77163866
   35.78503462  35.55580147]
 [ 36.07531572  35.66225009  34.16874544  33.90596684  31.9706976
   35.58632173  35.45812675]
 [ 36.01367353  35.97970886  34.82443194  34.69908615  32.08256337
   35.88850699  35.40105908]
 [ 35.83305841  35.685511    34.54479822  34.27109333  32.09265076
   35.9388583   35.46362593]
 [ 35.69505531  35.33718246  34.20183012  33.83172707  31.76335301
   35.51365956  35.22978985]
 [ 35.10433414  35.08150228  34.20286518  34.47989649  31.29985576
   35.2117822   34.45053492]
 [ 35.42654585  35.31392831  34.41496157  34.29094171  31.3119926
   35.28549022  34.41752542]] dB
