
CONSTRAINT SATISFIED WITHIN LIMITS
Wind Directions: [   0.    22.5   45.    67.5   90.   112.5  135.   157.5  180.   202.5
  225.   247.5  270.   292.5  315.   337.5] degrees
AEP: 23837421.4429 kWh
X-locations (initial): [  523.67119291  1200.            74.14717779  1126.37800913   381.72271461
   902.14896711   158.83606742   690.57802428    65.85430079   480.62123205
     0.           565.10212808] m
X-locations (final): [ 381.62921326  606.93474554  201.62903975  526.04890291  396.52286076
  583.10248137  455.04742335  675.19252449  506.0064714   659.64678049
  430.58156427  678.1812741 ] m
Y-locations (initial): [    0.            53.36510941   110.53977547   426.51549141   537.74545889
   620.61492594   869.55818156   972.66940032  1249.49052419  1307.00375429
  1585.98075981  1650.        ] m
Y-locations (final): [    0.             0.             0.           309.77427524   179.45812854
   634.10190949   505.66501706   839.65985635   901.34434157  1227.86992858
  1650.          1590.08538738] m
RPM: [[ 9.87842426  2.22685987  2.05188311  1.94832036  1.99927084  1.77843083
   1.77505094  1.84451166  7.82378727  7.8904019   1.54522227  2.15482625]
 [ 8.21256339  2.29136685  7.84889129  2.18085872  2.16332909  2.06295849
   7.88597307  2.09565303  1.77022712  1.89198984  1.44221201  7.94886116]
 [ 3.96218942  1.92391423  8.03119037  2.09495631  8.03088991  7.83603954
   1.83376581  1.76735835  1.70955308  1.73868384  1.53947324  7.90550483]
 [ 8.1475823   1.69969183  4.89513307  1.89471077  8.16316949  1.87685069
   2.03614378  1.72853755  2.08255347  7.88771161  2.03021788  6.78271737]
 [ 2.31219964  2.87149187  7.88000567  2.61752175  9.33752119  2.3970478
   2.34959363  2.65072011  2.30556107  2.36127227  2.15070445  8.13489024]
 [ 8.57590538  2.25481664  8.14512288  2.31770708  2.2332902   2.21603583
   2.23759559  2.35421184  2.06166312  8.89513527  1.82748773  1.78631994]
 [ 7.90519969  1.57594946  7.93110573  1.61055516  1.8935594   5.89899665
   1.62235902  7.33972525  1.58032605  1.5721148   1.58605006  7.84043912]
 [ 7.7612988   1.34613769  7.90166877  1.512461    5.91724197  1.54196899
   1.62607822  7.66994976  1.69897091  1.6607539   1.82274977  7.78027228]
 [ 9.8597953   1.68704408  2.68294295  1.76598098  2.05110339  1.74564005
   1.89286981  1.76057235  2.00697299  9.80556862  2.75347359  2.1795594 ]
 [ 2.081771    2.60895198  9.73747727  1.85676543  1.87344936  1.96648095
   1.72006471  7.81526872  1.62960551  5.88978633  1.48653726  7.17507796]
 [ 2.06370729  2.31583912  8.53799108  1.89041115  7.95633039  1.7510545
   1.85664226  7.80893222  1.71709154  1.59255591  1.8600836   7.64243086]
 [ 7.95439788  1.73711797  8.21510422  1.7387544   1.85976627  7.81124268
   1.71462915  1.74255106  1.69807229  1.76424322  1.71839437  7.95444515]
 [ 8.09167507  1.80968655  8.29815219  1.79460723  2.0650678   1.73196768
   1.92549594  7.8722499   1.82244509  1.73836059  1.6988954   7.72932166]
 [ 8.56971407  2.2056069   8.14203899  1.88375245  2.06256353  3.31756001
   2.01275878  2.1917174   2.01538984  8.85355435  1.7481382   2.12188956]
 [ 5.89514259  3.36022296  2.74013922  2.24865381  9.96629628  2.38150678
   2.29150611  2.42403397  2.24116139  2.10984332  1.66227314  8.61150074]
 [ 7.67639326  1.16107367  7.82567447  1.6125435   5.83986857  7.64623217
   1.56909942  1.5465725   1.84074142  1.78754707  2.11385806  7.97692496]]
Effective wind speeds: [[ 13.97356051  13.91435317  14.          13.77875383  13.99182061
   13.94027619  13.79921317  13.65962439  13.99938198  13.9792906   14.
   14.        ]
 [ 13.97698119  14.          13.77037847  13.99798603  13.96785812
   13.97371453  13.99458784  14.          13.9817725   14.          14.
   14.        ]
 [ 14.          14.          13.41695423  14.          13.97284119
   13.99973044  13.40640162  14.          14.          14.          14.
   14.        ]
 [ 13.99905807  14.          13.88467299  14.          13.99892259  14.
   13.99878751  14.          14.          14.          14.          14.        ]
 [ 13.9632638   14.          13.95901552  14.          14.          14.
   14.          14.          13.99098683  14.          13.81866245  14.        ]
 [ 13.99991558  14.          13.95612147  14.          13.99848601  14.
   14.          14.          13.97210332  14.          13.99261293  14.        ]
 [ 14.          14.          14.          14.          13.98879473  14.
   13.99932797  14.          13.9894589   14.          14.          14.        ]
 [ 14.          14.          14.          13.99225139  13.96575079  14.
   13.98052864  14.          13.98688212  14.          13.96505028  14.        ]
 [ 14.          14.          14.          13.99973288  12.7600217
   13.99045665  13.85392707  13.99736626  13.98748145  13.98691858
   13.86212991  13.10769903]
 [ 14.          14.          14.          13.97855674  13.99558626
   13.98265617  13.55072256  13.97250263  13.92715185  13.88922534  14.
   13.99965248]
 [ 14.          14.          14.          13.09768127  13.28781679
   13.97608016  14.          13.99955698  14.          14.          14.
   14.        ]
 [ 13.88141137  13.97201205  14.          13.99894447  13.99910036
   13.99890241  14.          14.          14.          14.          14.
   14.        ]
 [ 13.2720919   13.10676822  14.          14.          14.          14.
   14.          13.99409399  14.          14.          14.          13.99418639]
 [ 13.9631438   13.99731418  14.          14.          14.          14.
   14.          13.97656239  14.          14.          14.          13.99278639]
 [ 14.          13.28762699  14.          13.99900603  14.          14.
   14.          13.99933375  14.          14.          14.          14.        ]
 [ 13.9888789   13.98905152  14.          13.98032706  14.          13.98406133
   14.          13.99824896  14.          13.99576037  14.          14.        ]] m/s
Max SPL: 33.0233533243 dB
SPL: [[ 33.0064252   32.70378728  32.28219336  32.00044577  29.65091822
   33.00718502  32.70772515]
 [ 33.01032735  32.66881888  32.91417751  32.52859561  29.45207371
   33.01020962  33.00869429]
 [ 33.01426025  32.89433809  33.00809315  32.56326427  29.45740839
   33.01482569  32.96047569]
 [ 33.00243255  32.98648604  33.00132309  32.64125515  29.34594625
   33.00154188  32.70591753]
 [ 32.9344119   32.67983797  33.00809443  32.62034312  29.43046108
   33.00715463  33.00889727]
 [ 33.0027914   32.84162968  32.99618168  32.01227844  29.41440849
   33.00405686  33.00352623]
 [ 33.01059592  33.00705455  32.71349427  32.6346475   29.38408558
   33.00752156  32.81461591]
 [ 33.00812209  32.81813506  33.00452406  32.57801081  29.38787142
   32.97676833  32.83852807]
 [ 33.01041791  33.00882401  32.95997194  32.55551001  29.98773833
   33.00864605  32.62080997]
 [ 32.77590855  33.00236567  32.99873126  32.56156459  29.4922335
   33.00296692  33.00304718]
 [ 32.94918473  33.00765142  33.00586078  32.54565724  29.47488999
   33.00072117  33.00785095]
 [ 33.00315375  32.82335582  32.98629032  32.32898088  29.42747224
   33.00365164  32.96637592]
 [ 33.00375812  32.98142904  33.00186083  32.57806965  29.41601627
   33.00274771  32.93352994]
 [ 33.00180949  32.83990903  32.99161262  32.00867927  29.4113265
   33.00113744  32.99994214]
 [ 33.00373906  32.90896719  32.97559685  32.98219911  29.35481493
   33.01304377  32.66190502]
 [ 33.02335332  32.91357594  33.01222336  32.62598824  29.42553034
   33.01816339  32.90270962]] dB
