
CONSTRAINT SATISFIED COMPLETELY
Wind Directions: [   0.    22.5   45.    67.5   90.   112.5  135.   157.5  180.   202.5
  225.   247.5  270.   292.5  315.   337.5] degrees
AEP: 3762484.57335 kWh
X-locations (initial): [ 460.  850.  320.  750.  180.  630.  100.  540.  110.  470.  100.  440.] m
X-locations (final): [ 365.77300924  645.00064543  203.33261796  402.90725008  380.20128921
  610.04807284  410.77179621  681.2280172   516.04880135  650.59511766
  591.01377179  662.00161186] m
Y-locations (initial): [  140.   320.   350.   500.   590.   770.   850.  1000.  1150.  1300.
  1430.  1570.] m
Y-locations (final): [    3.45260246   200.8426299    110.02119079   267.74085551   545.54444998
   602.59073511   743.28358278   845.15782899   951.21068048  1106.63690831
  1336.26455349  1605.50139911] m
RPM: [[ 2.69325953  2.84449661  2.85237568  2.13898402  2.35796918  2.69393235
   2.66486644  2.05169969  2.17311152  2.75935216  1.93043183  2.63551966]
 [ 2.03302022  2.13368501  2.83711151  2.80571171  2.3577682   2.93318199
   1.91555857  2.95653222  2.23733542  2.09943177  2.62053876  2.28321712]
 [ 3.20703808  2.85829476  2.16801268  2.18763832  2.74109552  1.77708245
   2.46204913  2.38400364  2.56294223  2.35861217  2.09707536  2.8745147 ]
 [ 3.26528298  2.43933375  2.21925615  2.0676855   2.65555561  1.84891163
   2.56311363  2.87299054  2.05845048  3.19820956  1.82109172  2.10186011]
 [ 3.03282026  2.7790103   2.08273643  2.62317044  2.60121099  2.24139753
   2.0147404   2.3789876   2.42846558  2.12907114  2.17527124  3.06224599]
 [ 2.83399613  2.73244894  2.76152097  2.37017238  2.29083112  2.64188248
   2.3576924   2.33435637  2.54500366  2.48073335  2.01163194  2.62447158]
 [ 2.71806572  2.52855218  2.47365361  2.88257881  2.74063192  2.39899022
   1.77270355  2.89925011  1.85848672  2.16106915  2.57708122  2.41359819]
 [ 3.07946253  3.01340997  2.34636703  2.06098734  2.23639406  1.98633014
   2.62139581  2.71755518  2.35462314  2.34092861  2.37168085  2.21384512]
 [ 2.68529376  3.02188791  2.35597604  2.33290658  2.57229112  2.29886312
   2.29662255  2.01681755  2.29143641  2.4875756   2.90619537  2.19427379]
 [ 2.58536698  2.36441341  1.91894026  2.56098889  2.73307795  2.44028444
   2.57710413  1.93876082  2.74307325  2.13508371  2.36817285  2.68982758]
 [ 2.22525508  2.57077382  2.87081575  2.64532607  2.54717609  2.131981
   2.51089973  2.01635201  2.0994423   3.19694202  2.30824611  2.43609013]
 [ 2.7330562   2.97345765  2.56008302  2.25768555  2.75522636  2.46906852
   2.45618748  2.37291578  1.88250222  2.48866607  1.92350356  2.86175895]
 [ 2.76151629  2.69028708  2.13976599  3.32430572  2.52949701  1.99944004
   2.04614468  2.48531656  1.84962873  1.88372087  2.924498    2.78092958]
 [ 2.42872505  2.94625485  3.09646298  2.44268173  1.64977185  2.29617681
   2.00516393  2.46751907  2.58214255  2.53630013  2.35645469  2.66103393]
 [ 2.63696365  2.75892451  2.55306641  2.87178149  2.24977006  2.56062445
   2.20344267  2.58459476  2.01631344  2.19142605  2.00384752  3.06354691]
 [ 2.6725054   3.00685343  2.45331574  2.73910769  1.96838844  1.5239503
   2.36331276  2.98920791  2.31241576  2.39753265  1.91968572  2.85442384]]
Effective wind speeds: [[ 13.97438604  13.98036264  14.          13.97212936  13.97333122
   13.98127063  13.99996398  13.9802924   13.99714431  13.97900729
   13.99467316  14.        ]
 [ 13.98024705  14.          13.97943256  13.98238442  13.98364958
   13.97963042  13.9732103   14.          13.99408825  14.          13.98982263
   14.        ]
 [ 13.98916864  14.          13.97941991  13.9999331   13.97893229  14.
   13.99877629  14.          13.97678233  14.          14.          14.        ]
 [ 13.99915474  14.          13.99772193  14.          13.98485416  14.
   13.96624291  14.          13.99998515  14.          14.          14.        ]
 [ 14.          14.          13.99987681  13.99280468  13.99605191  14.
   14.          14.          13.9999911   14.          14.          14.        ]
 [ 14.          14.          13.97502696  13.98354691  14.          14.
   13.98753834  14.          13.9793025   14.          14.          14.        ]
 [ 14.          14.          13.98724289  14.          13.99086703  14.
   13.99043593  14.          13.98752389  14.          14.          14.        ]
 [ 14.          14.          14.          14.          13.99863586
   13.9999944   13.98075913  14.          13.98950695  13.99471682
   13.97905517  14.        ]
 [ 14.          14.          14.          13.97866698  13.9740739
   13.98678306  13.96663795  13.98366693  13.99985816  13.97915466
   13.98863033  13.97663246]
 [ 14.          14.          14.          13.99784213  13.9851679
   13.98298947  13.99057013  13.97814252  13.96568279  13.9823061
   13.997163    13.98939306]
 [ 14.          13.99190126  14.          13.97189952  14.          13.99695804
   14.          13.9772738   13.99881755  13.97962227  14.          14.        ]
 [ 14.          13.99782155  14.          13.99830166  14.          13.97617263
   14.          13.97196773  14.          13.99999198  14.          14.        ]
 [ 13.99999603  13.99099138  14.          14.          14.          13.99547263
   14.          13.99999328  14.          14.          14.          14.        ]
 [ 13.97219198  13.98557724  14.          14.          14.          13.99088558
   14.          13.97677065  14.          14.          14.          14.        ]
 [ 13.98815663  13.99199872  14.          14.          14.          13.99130672
   14.          13.99178858  14.          14.          14.          14.        ]
 [ 14.          13.98555573  14.          13.99870404  13.99996797
   13.98755954  14.          13.99542529  14.          13.98323278  14.
   14.        ]] m/s
Max SPL: 27.5773225058 dB
SPL: [[ 27.2778064   27.3515869   26.9799666   26.6393326   23.85133577
   27.49922231  26.86871464]
 [ 27.14804436  27.38293801  26.94352063  26.59796272  24.17348076
   27.34322423  26.83958275]
 [ 27.35437029  27.4273408   27.05001447  26.68270902  23.70714394
   27.54712225  26.91533705]
 [ 27.31227823  27.42786627  26.92345548  26.3743407   23.68753695
   27.55239552  26.90572282]
 [ 27.31177551  27.42556989  27.07369561  26.69651041  23.68463116
   27.55478885  26.87828292]
 [ 27.3391418   27.4181192   27.20331717  26.63990185  23.70765288
   27.57345503  26.93125175]
 [ 27.30426706  27.36405755  26.70013501  26.6003867   23.66481869
   27.52716786  26.87920566]
 [ 27.32132006  27.27509077  26.88613955  26.55931824  23.65103206
   27.51244142  26.95030051]
 [ 27.24252526  27.32577239  26.9434582   26.61308389  23.87882329
   27.45385187  26.7999093 ]
 [ 27.07971055  27.32010859  26.96524986  26.62995012  24.14702269
   27.32904131  26.77589419]
 [ 27.32579002  27.42540151  27.00924449  26.64558092  23.69702548
   27.52818758  26.90916154]
 [ 27.33524724  27.41861696  27.01433177  26.4551943   23.69516978
   27.55465552  26.91277876]
 [ 27.32687688  27.42718751  27.05550591  26.68967487  23.70916924
   27.57732251  26.91522637]
 [ 27.30463238  27.41130962  27.19145592  26.65759715  23.67731076
   27.54254614  26.89435257]
 [ 27.32767877  27.40584056  26.79047901  26.71709959  23.69137458
   27.55471178  26.88988087]
 [ 27.30998752  27.31187058  27.00643238  26.6604637   23.65331574
   27.51570429  26.93729721]] dB
