
CONSTRAINT SATISFIED WITHIN LIMITS
Wind Directions: [   0.    22.5   45.    67.5   90.   112.5  135.   157.5  180.   202.5
  225.   247.5  270.   292.5  315.   337.5] degrees
AEP: 24882964.0847 kWh
X-locations (initial): [ 460.  850.  320.  750.  180.  630.  100.  540.  110.  470.  100.  440.] m
X-locations (final): [ 315.19798261  589.53675103  140.21098787  510.42960699  543.1868145
  852.50812208  505.88103662  829.60186877  662.83322471  812.43722373
  585.90842988  803.70121647] m
Y-locations (initial): [  140.   320.   350.   500.   590.   770.   850.  1000.  1150.  1300.
  1430.  1570.] m
Y-locations (final): [    3.9995318    182.6925348    186.8493432    362.51819076   728.10243019
   860.29026563   930.79697837  1071.51077575  1175.240995    1301.21116943
  1466.51200875  1626.75782996] m
RPM: [[  7.30728642   2.9475286    8.04289958   4.64880037   9.72564953
    3.0461103    3.44238012   4.01110259   3.97824073   2.02922989
    4.36623632   3.59956066]
 [  6.58813741   2.80233884   5.91205217   4.13241451   8.73808969
    2.56115965   7.8546137    2.50058951   6.82035314   1.97386884
    2.57288767   1.80592923]
 [  4.69667284   5.22876989   5.97624863   4.47137407   8.7892953
    2.02172514   4.84847598   2.23697756   3.49671077   7.21348293
    4.16639971   2.58535195]
 [  8.52937239   3.92205086   7.41255604   3.34243769   8.2560667
    3.31502407   4.62905893   4.05700104   4.07552047   4.06226762
    3.9698989    2.13762859]
 [  2.89626624   3.89604513   9.22678372   4.56224741   7.95200526
    1.8599437    5.67241389   3.69742896   2.96198095   4.69430537
    3.71208719   4.41379929]
 [  2.55490425   2.24153854   6.1812957    2.00401779   9.23443693
    2.17060135   7.25242176   4.28834285   3.85185593   1.34005976
    2.45769295   4.150505  ]
 [  3.19311548   4.41515816   7.46433624   3.57771233   5.76067423
    1.47974689   4.37986638   1.90512573   4.5067177    3.40920407
    3.89729704   3.26814508]
 [  4.57957353   3.21494067   8.27630178   3.7709719    9.08004985
    4.71485284   3.78655726   7.0881465    2.14399347   2.9838929
    1.72884716   2.48079068]
 [  6.49430791   3.3535819    8.85013475   2.87286596   9.97001221
    6.24530662   2.9417132    2.9888294    2.60954581   2.72683888
    3.21684066   2.94394187]
 [ 10.30051771   5.97000262   5.91957077   2.02160286   2.05619492
    1.83680887   7.51456189   1.94874586   8.52088302   1.97268589
    2.98623409   2.3679746 ]
 [  3.45859729   5.63065905   7.61951309   3.39493052  10.62294521
    2.27025402   4.25204275   2.50032233   3.52793794   4.40819285
    3.37937211   2.92231782]
 [  2.12549721   6.80515913   8.33721322   2.24268334  10.29628033
    2.37379318   3.22555032   2.94404983   2.10717356   2.24698725
    2.22131854   2.96274027]
 [  2.15004591   6.63852645   8.68124451   2.71127023   9.62292782
    3.366365     3.63896594   2.79776964   2.86031512   4.2350674
    4.38740902   2.76576033]
 [  2.93692556   6.06736197   8.40582059   4.42831553   9.25364081
    3.73124895   5.49464579   2.46169835   3.66729476   1.97676758
    3.13751636   3.5550892 ]
 [  8.41661872   2.26607598   7.36862543   2.30570561   8.70895143
    1.65329517   5.14240806   1.5689711    4.42422556   3.96445826
    4.25776026   2.45304963]
 [  8.4911217    5.63429498   8.11848221   4.09303857   7.43746983
    4.63284116   4.33731384   3.52862997   4.28100942   2.85591238
    1.892715     3.37577886]]
Effective wind speeds: [[ 14.          13.79709701  14.          13.30685538  13.97174565
   13.96126974  13.99412322  13.97457326  13.99842287  13.9631026   14.
   14.        ]
 [ 13.94410162  13.98850438  13.87567487  13.98812248  13.96777743  14.
   13.87024792  14.          13.99494213  14.          14.          14.        ]
 [ 13.9782046   14.          13.99281707  13.99998592  13.99278495  14.
   13.91568543  14.          13.57926108  14.          13.98157151  14.        ]
 [ 13.99396473  14.          13.97708903  14.          13.96494889  14.
   13.95523273  14.          13.99221471  14.          13.99791887  14.        ]
 [ 14.          14.          13.9618216   14.          14.          14.
   13.99639218  14.          13.99994504  14.          14.          14.        ]
 [ 14.          14.          13.99988888  14.          14.          14.
   13.99842046  14.          13.94910534  14.          13.99670194  14.        ]
 [ 14.          14.          13.95899387  13.98887787  14.          14.
   14.          14.          13.99315108  14.          13.98701493  14.        ]
 [ 14.          14.          13.99991746  13.95812011  14.          14.
   13.49419213  13.97542708  13.98798382  13.9421332   13.96079501
   13.99999559]
 [ 14.          14.          14.          13.99933069  13.9757115   14.
   13.52378068  13.85369676  13.99542161  13.93282633  13.62971089
   13.95775463]
 [ 14.          14.          14.          13.40542165  13.92292583
   13.93180928  13.96054778  13.85719627  13.81025262  13.8448928
   13.99397555  13.73740322]
 [ 14.          13.99110394  14.          14.          13.99841414
   13.8633767   14.          13.63042439  13.99364945  13.94870113  14.
   13.9742826 ]
 [ 14.          13.99722143  14.          13.64696289  14.          12.96939548
   14.          13.96820872  14.          13.99666152  14.          13.99782727]
 [ 14.          13.4626276   14.          14.          14.          13.99192917
   14.          13.99996076  14.          14.          14.          14.        ]
 [ 13.9975461   14.          14.          14.          14.          13.99187036
   14.          13.96105179  14.          13.99134426  14.          14.        ]
 [ 13.56722469  13.99551252  14.          14.          14.          13.9969054
   14.          13.97901505  14.          13.98150583  14.          14.        ]
 [ 13.99932851  13.93983619  14.          14.          13.96209284
   13.98053511  14.          13.99443759  13.98732176  13.99999485  14.
   14.        ]] m/s
Max SPL: 34.0028195442 dB
SPL: [[ 33.42479742  33.45677153  32.75858941  32.30885997  30.08574947
   33.72255625  33.39377878]
 [ 32.9789463   33.51867649  32.80553257  32.36798579  29.67068078
   33.46311977  32.79464776]
 [ 32.63616936  33.4314061   32.88545657  32.11735637  29.04161203
   32.84542904  32.15842372]
 [ 33.17937651  33.07963198  32.25243319  31.778185    29.62836026
   33.26963475  33.29326272]
 [ 32.72878098  33.00651738  32.4844592   32.26000036  29.58796923
   33.34448908  33.27871727]
 [ 32.31039487  32.98088347  32.26858906  31.81742587  28.92831148
   32.91460934  32.04359167]
 [ 30.66619719  31.02090628  30.51952703  30.07883069  27.38646876
   31.15875774  30.93479587]
 [ 33.18762863  33.50740017  32.66592903  32.03472882  29.62748651
   33.39938527  33.11079335]
 [ 33.74592624  33.79186634  32.82376248  32.36124182  30.36044273
   33.97553648  33.688702  ]
 [ 33.99965742  33.96141821  33.30506838  32.85657121  30.60406048
   34.00281954  33.9552915 ]
 [ 33.54203338  33.76749594  32.91464178  32.42440117  29.99480666
   33.75577608  33.36359878]
 [ 33.51568665  33.38544396  32.41497775  31.95298207  29.8942472
   33.65515076  33.45584439]
 [ 33.46024854  33.48357034  32.65169038  32.44983184  29.94197417
   33.70999677  33.51331357]
 [ 33.26562734  33.28337193  32.38820493  32.01149211  29.75811893
   33.54373235  33.30950355]
 [ 33.06484199  32.98415796  32.17966297  31.86121898  29.63130187
   33.33486559  33.24981938]
 [ 33.36913255  32.87201386  32.10242242  31.61443368  29.71888132
   33.28564764  33.50641691]] dB
