
CONSTRAINED EXCEEDED!
Wind Directions: [   0.    22.5   45.    67.5   90.   112.5  135.   157.5  180.   202.5
  225.   247.5  270.   292.5  315.   337.5] degrees
AEP: 70773075.9083 kWh
X-locations (initial): [  523.67119291  1200.            74.14717779  1126.37800913   381.72271461
   902.14896711   158.83606742   690.57802428    65.85430079   480.62123205
     0.           565.10212808] m
X-locations (final): [  426.20951286  1169.33790567   149.46320542  1141.41050992   391.53786105
   896.4258913    175.31792736   702.127966      93.9690291    512.75831628
    65.93718276   668.06761444] m
Y-locations (initial): [    0.            53.36510941   110.53977547   426.51549141   537.74545889
   620.61492594   869.55818156   972.66940032  1249.49052419  1307.00375429
  1585.98075981  1650.        ] m
Y-locations (final): [    0.            78.89133085   104.06437339   408.18190742   533.88200571
   677.83459097   859.39770423   924.0850779   1157.13161377  1312.48512706
  1619.9618598   1627.70267271] m
RPM: [[  9.80227498   2.47708483   9.92470236   5.66427367   9.98027568
    9.35355353   7.62819777  10.22472278   3.07862895   2.51752751
    3.21117185   9.72796197]
 [ 10.56464361   4.11742219  10.29108102   6.18014333   9.1125483
    5.6793484    6.18559443   9.79841738   3.41935959   7.77175504
    3.17341121  10.31197884]
 [  9.9836389    4.12207244  10.71834641   4.41989223   8.66381394
    6.00295188   6.74182468   9.61209061   3.15930466   5.41653773
    3.28419882  10.95235392]
 [  9.08064089   3.68129679   9.26358919   4.02002866   8.10641927
   10.85562397   6.92375084   8.81910315   3.43209257   7.91416318
    3.24874456   9.81121949]
 [ 10.35803065   3.25667834   7.98785814   3.97528801  10.12389828
   10.582018     7.81690347   8.37700824   6.27083425   8.08599671
    3.49012145   9.24738885]
 [ 10.42810013   3.29757044  10.52988782   3.6467603   10.59755795
    6.32303235   6.45768604   7.36626327   5.15411372   8.07452587
    4.31905898   9.19925058]
 [ 10.19145665   3.77102843  10.82372346   5.59867396   9.18641782
    5.02373223   8.14697051   7.20216965   3.70091568   7.3683372
    2.69931986   8.78243457]
 [ 12.76475618   3.09968973  10.10911248   3.68059051   8.34413144
    7.94770097   4.41601606   7.9543053    4.46230525  10.81500709
    3.59697744   9.72346234]
 [ 10.10055168   1.79587902  10.76905203   3.17566357  11.24744041
    9.72487657   4.88699276   8.01008944   3.35649571   6.23231447
    4.27233699  10.03090159]
 [ 14.26592739   3.77575367  12.17421811   4.5458793    7.02174638
    7.5639049    5.35898574  10.73463954   1.93648253   3.89370226
    1.4126122   11.40083127]
 [ 10.68605509   3.43288168  13.09721935   6.11658287   8.9516315
    7.91023674   7.30231184   9.21468004   2.85785679   3.89089696
    2.88516735  10.21649641]
 [ 10.8029761    2.7775915    9.64384652   3.60775585  11.0071272
    7.78884569   4.09152414   8.77012881   3.33109796   8.27619052
    3.07185668   9.45229646]
 [ 11.36310527   2.67238663   9.20452473   4.01512064   9.18256686
   10.02350347   8.30072726   9.25878688   3.28404463   6.57084385
    3.13377036   9.45857677]
 [  9.87192682   2.99464126  12.07649541   5.5183309    9.47273177
    8.25961733   3.53810167   8.24659344   3.17982183   7.68139508
    3.262387     9.10771945]
 [ 11.30955624   4.62679969  10.53339649   6.80044472   7.73569412
    8.34940039   3.94537013   7.58388495   3.77100392   9.73212797
    3.47608819   7.37578342]
 [  9.79102963   4.48922088  11.96586356   5.34112683   7.27548277
    9.38294098   6.50822102   7.2298333    2.93694317   8.84286858
    4.53476338  10.48152242]]
Effective wind speeds: [[ 13.65599939  13.92791361  13.80299306  14.          13.99990138  14.
   13.99951206  13.73553184  13.98350808  14.          14.          14.        ]
 [ 13.9950315   14.          13.77353419  14.          14.          14.
   14.          14.          14.          13.01192754  14.          14.        ]
 [ 14.          14.          13.99927146  14.          13.87564891  14.
   13.99784642  14.          13.82887287  14.          14.          14.        ]
 [ 13.99983208  14.          13.99811028  14.          13.65590567  14.
   14.          14.          13.60581774  14.          14.          14.        ]
 [ 13.99888979  14.          13.98813066  14.          13.99987755  14.
   13.95218216  14.          14.          14.          13.53066472  14.        ]
 [ 14.          14.          12.96703074  14.          13.99984702  14.
   13.99023466  14.          13.82744152  14.          13.99803887  14.        ]
 [ 14.          14.          14.          14.          14.          13.88382962
   13.90099263  13.92827679  13.99234591  14.          13.89799789  14.        ]
 [ 14.          14.          14.          13.99963688  14.          13.98618203
   13.92204692  13.99672085  13.8391539   13.74954219  13.99322208
   13.99101409]
 [ 14.          14.          14.          13.98990951  13.64447794  14.
   13.42833248  14.          13.87349464  13.92974525  13.95929953
   13.85700991]
 [ 14.          14.          14.          14.          13.50357488  14.
   14.          13.98748132  14.          13.99670032  14.          13.95566549]
 [ 14.          14.          14.          14.          14.          13.99095522
   14.          13.89954966  14.          13.99290486  14.          13.99589772]
 [ 14.          14.          14.          13.96505636  14.          13.64330434
   14.          14.          14.          13.96954249  14.          14.        ]
 [ 13.99699458  13.75310975  14.          13.9980158   14.          14.
   14.          13.95363598  14.          14.          14.          13.97990569]
 [ 12.48750042  13.99641284  14.          13.99063901  14.          13.99989654
   14.          13.98371954  14.          13.99986264  14.          14.        ]
 [ 14.          13.99234599  14.          13.40135659  13.9939775
   13.7016678   14.          13.98845581  14.          13.99990282  14.
   14.        ]
 [ 13.99094658  13.65795065  14.          13.76016176  13.98823748
   13.99724833  13.97823482  13.64369236  14.          14.          14.
   14.        ]] m/s
Max SPL: 39.6705747065 dB
SPL: [[ 37.98844319  38.01059084  37.53261228  37.157498    34.10638563
   37.95983417  37.3283489 ]
 [ 37.76559841  37.71835242  37.70657847  37.39579126  34.011964
   37.86515143  37.35038286]
 [ 37.42673433  37.62058975  37.87117677  37.48567687  33.99411399
   38.04442034  37.33292722]
 [ 37.8638998   38.08029612  37.64899859  37.58040109  33.78024064
   37.72481526  36.89461342]
 [ 38.15006773  38.2037106   37.69448934  37.46090325  34.25797598
   38.32768081  37.37811285]
 [ 37.42196619  37.18167657  37.26730732  37.00467469  34.06014274
   38.02336233  37.5060757 ]
 [ 37.2142921   36.68334404  36.18049384  36.43019091  33.73110934
   37.64959257  37.30898685]
 [ 38.41508142  38.19922398  38.18829517  38.03378607  34.75811112
   38.62061324  38.03423084]
 [ 38.06372528  38.03872488  37.68077562  37.40146428  34.54019889
   38.18861518  37.75733106]
 [ 39.67057471  39.19899726  39.04437247  38.62309473  35.72523594
   39.32425406  39.3874518 ]
 [ 38.52445293  38.17864108  37.83153391  37.51413889  34.95046029
   38.80319     38.68889895]
 [ 37.84435599  37.73373616  37.48863014  37.20678738  34.18051676
   38.03247685  37.54823852]
 [ 38.30568488  38.17418651  37.64210307  37.35377971  34.38082886
   38.27731597  37.7065092 ]
 [ 37.87341688  37.54400874  37.25805466  36.89204266  34.17891722
   37.92286099  37.82540647]
 [ 38.07908762  37.36175164  36.51115795  36.58229996  33.84135018
   37.62637801  37.33809557]
 [ 38.16619049  37.99563554  38.05065304  37.82877344  34.50237377
   38.35943388  37.91810007]] dB
