
CONSTRAINT SATISFIED WITHIN LIMITS
Wind Directions: [   0.    22.5   45.    67.5   90.   112.5  135.   157.5  180.   202.5
  225.   247.5  270.   292.5  315.   337.5] degrees
AEP: 18715846.7928 kWh
X-locations (initial): [  523.67119291  1200.            74.14717779  1126.37800913   381.72271461
   902.14896711   158.83606742   690.57802428    65.85430079   480.62123205
     0.           565.10212808] m
X-locations (final): [ 394.62808001  407.79913656  214.62808001  689.05136558  415.98103955
  578.31271612  526.71968903  653.22629467  513.07651274  683.2401954
  683.71610296  721.07805495] m
Y-locations (initial): [    0.            53.36510941   110.53977547   426.51549141   537.74545889
   620.61492594   869.55818156   972.66940032  1249.49052419  1307.00375429
  1585.98075981  1650.        ] m
Y-locations (final): [    0.           179.51753138     0.           652.49952033   588.36660746
   510.59471215   730.27141537  1045.4265328   1210.2533581   1268.94528873
  1626.70687329  1444.92342955] m
RPM: [[ 8.08089534  2.04787278  7.90175939  1.68297491  1.70020659  1.73356136
   1.66473129  1.63287584  1.68606965  7.16877001  1.66168052  5.92799207]
 [ 8.03650904  1.97725114  7.92455772  1.72104808  1.78434857  1.7896081
   1.76415409  5.96381884  1.76235898  1.67204796  1.77028353  6.98354001]
 [ 7.84924974  2.26624362  8.11402683  1.91715252  1.5713559   1.78193356
   1.60968028  1.62417652  1.42077667  1.6190119   1.63143561  7.80607754]
 [ 8.14456864  2.01067195  7.86867965  2.06989085  1.90129809  2.06718095
   1.98181026  1.92815069  1.91576489  1.78230831  1.67651591  7.83959648]
 [ 8.19134399  1.99475022  7.91767841  1.86587047  1.79441659  1.95683232
   1.8804962   1.76358513  1.89682415  1.74324222  1.79636721  7.85493535]
 [ 2.16139563  2.31181897  9.29385633  2.39982105  2.3995029   2.28914665
   2.70308902  2.40875095  2.25437109  2.06468336  1.59715957  7.86809747]
 [ 2.29017793  1.94264315  8.53057587  1.74251368  1.56403818  7.85633217
   1.57620633  1.57723762  1.40301266  1.55307818  1.57212466  7.11478971]
 [ 8.13978987  2.02599652  7.86221115  2.30249968  1.87314587  2.29481843
   2.07162511  1.72914669  2.0028476   1.93477029  1.68604799  7.85094127]
 [ 7.64758619  5.90255503  7.69954318  1.42768598  1.59808749  1.4343613
   1.57333051  1.72398757  1.99929932  7.93633114  2.54798615  2.12816997]
 [ 6.82294935  1.62119391  7.86792387  1.52604055  1.69477226  7.76995764
   1.62656503  1.6287936   1.69200432  1.64933358  6.87005696  1.64768431]
 [ 1.46452161  7.67129025  7.66599245  1.5545944   1.4523446   5.79133748
   5.72167275  1.5490175   1.44333742  1.59808969  6.84466362  1.63970711]
 [ 7.96290294  1.93380058  7.85184917  2.06631339  1.73300395  2.01324521
   1.79811135  1.9831704   1.93115711  7.98319524  2.29082714  2.11312935]
 [ 1.77749981  7.78489383  7.82247505  1.58636051  1.46326664  5.85790283
   1.48283568  1.51856971  1.19914885  1.53745313  1.58921468  7.41162434]
 [ 7.94547024  2.27879382  8.1879676   2.31090986  2.35207347  2.06214654
   2.42246042  2.31375392  1.99973459  1.92420456  1.50170065  6.98418484]
 [ 8.11758056  1.98553057  7.87841297  1.8773837   1.83174647  1.96378998
   1.89264237  1.78235051  1.97705291  1.77384151  2.00660157  7.89653002]
 [ 1.66924402  1.65360985  7.8957849   1.57448515  1.67246757  7.75223989
   1.69691047  7.85985626  1.78873244  1.94951876  2.35204596  2.08994014]]
Effective wind speeds: [[ 13.97061376  13.98502369  14.          13.78773983  13.99945573
   13.99211005  13.9891643   13.67543771  14.          13.87506057  14.
   13.99192113]
 [ 13.9875735   13.98607772  13.95617763  14.          13.91118329
   13.99008439  13.84996393  13.99697508  13.98564606  13.8218028   14.
   14.        ]
 [ 14.          14.          13.97320569  14.          13.98691109
   13.98413183  14.          14.          13.66306091  14.          14.
   14.        ]
 [ 14.          14.          13.8848483   14.          13.98762667
   13.99997267  14.          14.          13.97623164  14.          14.
   14.        ]
 [ 14.          14.          13.30339879  14.          13.99704255  14.
   13.9978172   14.          13.9971687   14.          14.          14.        ]
 [ 14.          14.          13.99846129  14.          13.96856729  14.
   13.96685594  14.          13.99982051  14.          14.          14.        ]
 [ 14.          14.          14.          14.          13.92964379  14.
   13.99738038  14.          13.98148077  14.          13.99942671  14.        ]
 [ 14.          13.95295218  14.          14.          14.          14.
   13.98108551  13.99998207  13.99132651  14.          13.59865497
   13.99997143]
 [ 14.          13.44325325  14.          14.          13.68842221  14.
   13.99655697  13.99412632  13.98830228  13.9819169   13.53329725
   13.61015424]
 [ 14.          13.94849194  14.          13.69826657  13.87472499
   13.8764259   13.78958324  13.87429273  14.          13.95281749
   13.98645704  13.98347351]
 [ 14.          13.50842904  14.          13.8847367   14.          13.99918109
   13.98830901  14.          14.          13.99849187  14.          13.98956183]
 [ 13.89866801  13.99936944  14.          13.98983683  14.          14.
   13.99997755  14.          14.          13.97402977  14.          14.        ]
 [ 13.40691283  14.          14.          13.99778712  14.          13.99832911
   14.          14.          14.          13.9981206   14.          14.        ]
 [ 13.96242856  14.          14.          13.96650357  14.          13.96759535
   14.          13.9998543   14.          14.          14.          14.        ]
 [ 14.          14.          14.          13.99713057  14.          13.99723242
   14.          13.9762416   14.          14.          14.          13.99996391]
 [ 13.99853884  14.          14.          13.99354047  14.          13.98647774
   14.          13.99846089  14.          13.99996881  14.          13.97907776]] m/s
Max SPL: 32.0001467201 dB
SPL: [[ 31.92531227  32.0000022   31.89494234  31.31746651  29.1338454
   32.00000063  32.00000055]
 [ 32.00005971  32.00014672  31.81124466  31.2128987   28.41871803
   31.9803311   32.00004159]
 [ 31.83618877  31.87819817  31.89513839  31.21015396  28.3325614
   32.00000042  31.95637967]
 [ 31.97794156  32.00000305  32.00000301  31.07683537  28.41741137
   31.94098298  32.00000347]
 [ 31.98729641  32.00000249  32.00000204  31.3494355   28.41816679
   31.94852806  32.00000315]
 [ 31.51069165  31.8614581   32.00002519  31.32395445  28.35014291
   31.93000703  32.00002416]
 [ 31.98657494  32.00000084  31.60773716  31.1451891   28.39957811
   32.00000087  31.95878084]
 [ 32.00001086  32.00000901  32.00000658  31.35794135  28.43192767
   31.96160866  32.00000844]
 [ 32.00000156  31.97878266  31.63423685  31.13211727  29.32168707
   31.95668301  32.00000138]
 [ 32.00000047  31.90158849  32.00000019  31.48616081  28.42174663
   32.00000031  31.98069534]
 [ 32.00000089  31.89763514  32.00000044  31.47090781  28.47482163
   32.00000059  32.00000053]
 [ 32.0000191   32.00003742  31.62949772  31.19378981  28.43032663
   32.00002712  32.00001619]
 [ 31.99994265  31.99987204  31.82310802  31.21320607  28.41152457
   31.99991244  31.96843571]
 [ 31.86788807  31.594908    32.00000024  30.83218265  28.27768481
   31.75611865  32.00000012]
 [ 31.98295352  32.0000143   31.91108084  31.40549092  28.43404104
   31.9724359   32.00000899]
 [ 31.99999846  31.95938612  31.27323694  30.81771677  28.29884142
   31.99999655  31.9654335 ]] dB
