
CONSTRAINT SATISFIED WITHIN LIMITS
Wind Directions: [   0.    22.5   45.    67.5   90.   112.5  135.   157.5  180.   202.5
  225.   247.5  270.   292.5  315.   337.5] degrees
AEP: 62349469.4149 kWh
X-locations (initial): [ 460.  850.  320.  750.  180.  630.  100.  540.  110.  470.  100.  440.] m
X-locations (final): [ 430.64287964  758.50192693  198.93390418  582.00301304  264.66080583
  598.00419402  262.38630877  635.00764692  215.29953462  723.61222599
  452.64092658  729.68492347] m
Y-locations (initial): [  140.   320.   350.   500.   590.   770.   850.  1000.  1150.  1300.
  1430.  1570.] m
Y-locations (final): [   92.95587228   425.97762816     0.           461.30655592   271.90525882
   640.59418082   818.42980138   970.99843885  1111.95392157  1470.07864502
  1468.62033864  1650.        ] m
RPM: [[  8.65335698   7.4924026    9.96453589   7.90105432   9.37016198
    8.1016867    2.43029874   7.92920363   2.47388956   8.78226667
    2.52981718   8.12132125]
 [  8.7574504    7.89375571   9.83608668   7.90864805  10.06763191
    7.90298574   2.28069206   7.84720302   2.08889072   7.86027811
    2.18557702   8.51039717]
 [  9.84433346   2.46289387   9.97947229   9.04935266   8.0579678
    8.90435562   1.5244894    7.92711138   1.25413648   8.17541537
    1.52146878   8.15708775]
 [  9.89350572   2.33753654   9.55904329   8.97426099   8.8435507
    8.25122543   1.7097658    7.97077709   1.49730048   8.21335652
    1.66118835   8.53190067]
 [  9.90051745   2.21476201   9.98719425   8.86317297   8.25121734
    8.19043965   1.72754552   8.24614919   1.59123278   8.0297101
    1.74298394   8.65172977]
 [  9.9495276    2.53715877   9.75364617   7.87724944   9.98525855
    8.26792433   2.17075184   8.45428798   1.74929834   7.9206999
    1.87742947   7.2311855 ]
 [  9.00180585   7.89118165   9.4284306    7.841394     8.50553662
    7.93314281   6.17581714   7.69213158   1.93762191   8.68787469
    2.1610212    8.13371681]
 [  8.77650597   7.85440088   9.93850083   7.93708905   8.7995894
    8.54460789   6.40057336   2.03815521   1.61601605   8.21251685
    1.88154146   8.90159317]
 [  9.65021855   1.87296792   9.81871185   9.73657033   8.56529884
    7.88411925   1.8944607    7.94781913   1.76641048   8.83652514
    2.15724999   8.16287759]
 [  8.86858849   7.91835528   9.87572496   8.06137796   9.84008693
    8.80238597   2.10624562   8.23789894   1.81363207   2.6837095
    8.24098098   2.81184967]
 [  8.14726351   7.84305101   9.95002802   7.93714262   9.89731487
    7.94927767   1.89357243   8.58596276   1.35564709   1.76343037
    1.68884932   9.77802375]
 [  8.20269201   7.86737532   9.89749662   7.93396024   9.82359887
    7.81191089   3.00236733   7.84347478   2.05148534   8.04396132
    2.22689334   8.6431381 ]
 [ 10.04197738   2.18135301   9.97030186   8.30954552   8.20061452
    8.85392687   1.49965449   8.01527327   1.41954576   8.11830751
    1.61767286   8.60577358]
 [  9.05454216   2.45307971  10.0083485    8.5063041   10.01278403
    8.75546675   1.66610871   8.00152413   1.46137331   7.68604672
    1.46740278   7.54740257]
 [  9.89384889   2.31097863   9.94155486   8.82575254   8.09484594
    8.60778011   1.67799636   8.01838055   1.49031287   8.04208729
    1.63590118   8.77439201]
 [  8.62781751   7.82516682   9.8887427    7.895781     8.69349215
    7.83718162   5.59954581   7.90102133   1.49527327   8.09045933
    1.64483696   8.64776669]]
Effective wind speeds: [[ 13.99475255  13.81804118  13.78573571  13.25734908  13.98246836
   13.65587121  13.9928125   13.94859389  14.          13.30017194  14.
   14.        ]
 [ 13.56102757  14.          13.62310088  13.89398423  13.90453003
   13.99897952  13.9938556   13.99989516  13.99807733  13.92877112  14.
   14.        ]
 [ 13.98036627  14.          13.8990675   14.          13.65275944  14.
   14.          14.          13.77836635  14.          13.87881344  14.        ]
 [ 14.          14.          12.86063298  13.9999315   13.86529209  14.
   13.56245194  14.          14.          14.          13.92847392  14.        ]
 [ 14.          14.          13.99922632  13.9804957   14.          14.
   14.          14.          14.          14.          13.44955144  14.        ]
 [ 14.          14.          14.          13.98565761  13.99608613  14.
   13.61854164  14.          13.73097038  14.          14.          14.        ]
 [ 14.          14.          14.          14.          13.12457736
   13.65358145  13.66710328  14.          13.87627401  14.          14.
   14.        ]
 [ 14.          14.          14.          14.          13.99611797
   13.94811922  13.99783498  13.98228567  13.95396386  14.          13.98496233
   13.91819728]
 [ 14.          14.          14.          14.          13.75591731
   12.81902195  13.51504677  13.43840708  13.7233345   13.96698669
   13.82022734  13.0677655 ]
 [ 14.          14.          14.          13.38064325  13.67245513
   13.83496565  14.          13.6959179   14.          13.83313747
   13.99813853  13.98767363]
 [ 13.98961207  13.58985623  14.          13.86076453  14.          13.52735765
   14.          14.          14.          13.99984838  13.999855
   13.99330709]
 [ 12.85934985  13.58148888  14.          13.82454117  14.          14.
   14.          13.97117542  14.          13.99989844  14.          13.99736379]
 [ 13.99921107  13.51284502  14.          14.          14.          14.
   14.          14.          14.          13.98251109  14.          14.        ]
 [ 13.99601687  13.66779495  14.          14.          14.          13.98867318
   14.          13.99358356  14.          14.          14.          14.        ]
 [ 13.38204506  13.53415909  14.          13.98805303  14.          13.99658688
   14.          14.          14.          14.          14.          14.        ]
 [ 13.99621349  13.95684619  14.          13.96780468  14.          14.
   13.99681599  13.98864191  14.          13.90284201  14.          14.        ]] m/s
Max SPL: 37.0060959586 dB
SPL: [[ 37.0034884   36.99347678  37.00357243  36.35970215  33.36182245
   37.00391376  36.8431235 ]
 [ 37.00237133  37.00160445  36.9419292   36.30544771  33.56922546
   37.00246872  36.94622261]
 [ 37.00129704  36.97036752  36.84430341  36.1658888   33.32994456
   37.00168029  36.82866539]
 [ 37.00018754  36.99930699  37.00007806  36.15822644  33.35373495
   37.00015837  36.8277164 ]
 [ 37.00033037  36.99811832  37.00038787  36.3449868   33.35492859
   37.00034712  36.83685895]
 [ 36.98821911  36.74916697  37.00073543  35.90520721  33.37806768
   37.0005573   37.00045531]
 [ 37.0005714   37.00076889  36.71344672  36.33054044  33.28566956
   37.00054905  36.68625204]
 [ 36.99999531  36.92616222  36.99994933  36.35737336  33.32485077
   36.99997871  36.76185333]
 [ 37.0014601   36.97655338  37.00108849  36.355416    33.37581346
   37.0016525   36.81630598]
 [ 37.00609596  36.55836337  35.7159542   35.66502487  33.51830419
   37.004733    36.98785323]
 [ 37.00030412  36.96947779  37.0001711   36.28791996  33.36176995
   37.00028271  36.8838944 ]
 [ 37.00485816  37.0033984   36.99282077  36.15089153  33.34637056
   37.00360938  36.8406551 ]
 [ 36.99992346  36.99975546  36.99947909  36.344953    33.35512116
   36.99983096  36.83607204]
 [ 36.98599946  36.75266779  37.00097039  35.91186963  33.37733424
   37.00139988  37.0015803 ]
 [ 36.99980309  36.99979141  36.76177209  36.396164    33.34776211
   36.99986986  36.80123704]
 [ 37.00037463  36.99136507  37.00110077  36.35879947  33.31370165
   37.00042666  36.71478433]] dB
