
CONSTRAINT SATISFIED COMPLETELY
Wind Directions: [   0.    22.5   45.    67.5   90.   112.5  135.   157.5  180.   202.5
  225.   247.5  270.   292.5  315.   337.5] degrees
AEP: 60291.5502302 kWh
X-locations (initial): [ 460.  850.  320.  750.  180.  630.  100.  540.  110.  470.  100.  440.] m
X-locations (final): [ 128.80220762  399.68540188   54.73081641  260.12862123  149.99552518
  410.32760192  301.55500772  727.13430057  627.96740295  840.5773154
  730.61842372  789.01789978] m
Y-locations (initial): [  140.   320.   350.   500.   590.   770.   850.  1000.  1150.  1300.
  1430.  1570.] m
Y-locations (final): [  2.52217702e-01   3.08004172e-01   1.67723267e+02   1.27184689e+02
   5.49779867e+02   3.92343553e+02   7.79077663e+02   6.85881958e+02
   9.37899010e+02   8.93181223e+02   1.11883143e+03   1.43682031e+03] m
RPM: [[  1.92417142e-02   8.86122262e-03   1.56615306e-02   1.88187880e-02
    1.82463215e-02   2.14600500e-02   1.71504743e-02   2.09956176e-02
    2.12878527e-02   1.79073474e-02   1.47645650e-02   2.29742306e-02]
 [  1.10168279e-04   7.56408072e-03   1.55282889e-02   1.05407934e-04
    6.56046147e-03   8.63145140e-05   7.95454782e-04   1.08286915e-04
    1.11146787e-04   1.05617327e-04   1.06396172e-04   1.00959568e-04]
 [  5.77554457e-03   1.05926436e-04   2.76617821e-03   1.86947425e-04
    1.12157781e-04   2.58898286e-04   1.82731028e-04   1.51641469e-04
    1.65629473e-04   3.64219294e-05   9.75825438e-05   9.85959840e-05]
 [  9.28959116e-05   7.42067709e-05   8.94486244e-05   7.92978474e-05
    8.45721152e-05   7.98928436e-05   7.83743407e-05   7.82070507e-05
    7.47906329e-05   7.21073557e-05   7.39877152e-05   6.21017528e-05]
 [  4.39503588e-04   8.74435869e-05   2.36249485e-04   9.18508573e-05
    9.71347660e-05   9.31125802e-05   9.00101610e-05   9.05678047e-05
    8.30998292e-05   8.62498759e-05   8.32373081e-05   8.06800135e-05]
 [  4.23951690e-03   3.74156784e-05   4.38686896e-05   3.95332356e-05
    4.19838740e-05   1.61110323e-05   3.85239622e-05   3.95153119e-05
    3.68944233e-05   3.76771566e-05   3.71294560e-05   3.60046927e-05]
 [  4.11777282e-05   3.57560182e-05   4.06428782e-05   3.79277741e-05
    3.88080790e-05   3.80367718e-05   3.73103347e-05   0.00000000e+00
    3.63909151e-03   3.43093771e-05   0.00000000e+00   1.80989195e-02]
 [  6.14509103e-03   2.43208097e-04   5.68187556e-03   2.54761034e-03
    1.13277969e-04   1.16452627e-04   2.41751344e-03   8.20297195e-04
    1.65755535e-03   1.23935379e-04   1.09649071e-03   1.18323964e-04]
 [  8.01895895e-02   7.02845579e-02   7.71415237e-02   8.01964904e-02
    7.86951117e-02   8.25218847e-02   7.79341182e-02   8.20452698e-02
    8.30727852e-02   8.02513894e-02   7.70878844e-02   8.38419245e-02]
 [  9.08010650e-02   9.95750043e-02   1.06980914e-01   8.72808305e-02
    9.90789865e-02   8.17809541e-02   9.42082821e-02   8.92012448e-02
    9.02333626e-02   8.86597072e-02   9.04643874e-02   8.72239449e-02]
 [  5.42689143e-02   4.85714633e-02   5.19387292e-02   5.10321497e-02
    5.02627998e-02   5.18132983e-02   4.93349468e-02   5.01085498e-02
    5.15966641e-02   2.95096898e-02   5.14253685e-02   5.46173090e-02]
 [  2.98863300e-02   2.25252318e-02   2.88984188e-02   2.51768684e-02
    2.67275247e-02   2.63835670e-02   2.46933663e-02   2.49828681e-02
    2.57333281e-02   2.73993589e-02   2.39609484e-02   1.70739408e-02]
 [  2.84975253e-02   2.12001797e-02   2.78874460e-02   2.32359612e-02
    2.60508150e-02   2.37981141e-02   2.45606497e-02   2.23910667e-02
    2.52151902e-02   2.05897660e-02   2.37637365e-02   1.73637469e-02]
 [  1.19201456e-02   8.72619483e-05   9.91901211e-05   9.03661119e-05
    9.46233966e-05   3.68784647e-05   8.78297040e-05   9.16166679e-05
    8.17716606e-05   8.74728615e-05   8.24204100e-05   8.23419587e-05]
 [  7.88796471e-05   7.13888008e-05   7.73999247e-05   7.07482984e-05
    7.39437972e-05   7.36858740e-05   7.12885130e-05   7.08473596e-05
    7.62835312e-03   6.52630806e-05   7.59452820e-05   2.24653891e-02]
 [  8.72087336e-05   7.37936522e-05   8.50813448e-05   7.70586682e-05
    6.71858706e-05   7.12369197e-05   7.28106074e-05   7.10490404e-05
    6.76573990e-05   7.16448256e-05   6.65686976e-05   6.79588086e-05]]
Effective wind speeds: [[ 13.99989081  13.99982724  13.99999556  13.99993551  14.          14.
   14.          13.99988198  13.99999971  13.9999653   13.99992858  14.        ]
 [ 13.9999998   13.99999961  13.99999121  13.9999993   13.99999674
   13.99999927  14.          13.99999905  13.99999899  14.          13.99999994
   14.        ]
 [ 13.99999782  14.          13.99999988  13.99999989  13.99999942
   13.99999887  13.99999979  13.99999997  13.99999983  14.          14.
   14.        ]
 [ 13.99999994  14.          13.99999996  14.          13.99999991  14.
   13.99999958  14.          14.          14.          14.          14.        ]
 [ 13.99999915  14.          13.99999941  14.          14.          14.
   13.99999997  14.          13.99999952  14.          14.          14.        ]
 [ 14.          14.          13.99999968  13.9999999   13.99999992  14.
   13.99999999  14.          13.99999986  14.          14.          14.        ]
 [ 14.          14.          13.99999991  13.99999965  13.99999999  14.
   14.          14.          14.          14.          13.99999997  14.        ]
 [ 14.          14.          13.99993436  13.99999997  13.99999315  14.
   13.9999995   14.          13.9999918   14.          13.99999904  14.        ]
 [ 14.          14.          13.99997291  14.          13.99951814
   13.99943216  13.99969703  14.          14.          14.          13.9993856
   13.99968989]
 [ 14.          14.          14.          13.99986332  13.99987005
   13.9994419   13.99933897  13.99966097  13.99947594  13.99918295
   13.99908679  13.99970333]
 [ 14.          14.          14.          13.99936527  14.          13.99997704
   13.99991652  13.99960876  13.99990054  13.99985707  13.99976264
   13.9999997 ]
 [ 14.          13.99999908  14.          13.99997797  14.          13.99998701
   14.          13.99999123  13.99986082  13.9999686   14.          14.        ]
 [ 14.          13.99972104  14.          13.99982185  14.          14.
   14.          13.99999198  14.          13.99985948  14.          14.        ]
 [ 14.          13.9999992   14.          13.99999964  14.          13.99999953
   14.          13.99999998  14.          13.9999997   14.          14.        ]
 [ 13.99999982  13.99999931  14.          14.          14.          13.99999997
   14.          13.99999991  14.          13.99999994  14.          14.        ]
 [ 13.99999909  13.99999972  14.          13.99999982  14.          13.99999969
   14.          13.99999932  14.          13.99999948  14.          14.        ]] m/s
Max SPL: 25.5880494905 dB
SPL: [[ 25.03685407  25.25535873  24.47872502  23.92658203  21.78343654
   25.58608855  25.29198537]
 [ 25.12872113  25.35746442  24.47965173  23.92429122  21.79900415
   25.52348116  25.4311074 ]
 [ 25.0913531   25.36894189  24.47932499  23.9085544   21.78399689
   25.56261275  25.46712118]
 [ 25.09426226  25.37074022  24.47708716  24.05739259  21.7921054
   25.55664726  25.4709037 ]
 [ 25.10203486  25.37058095  24.46538913  24.1734461   21.79324294
   25.5681779   25.47156332]
 [ 25.10321522  25.36812112  24.44156659  23.9218102   21.79341238
   25.56988191  25.47059902]
 [ 25.10276864  25.34813676  24.4352929   23.92605296  21.79297072
   25.56959988  25.46501727]
 [ 25.09935533  25.23529221  24.47413325  23.92683384  21.79058054
   25.56614352  25.53447394]
 [ 25.03886507  25.25736119  24.48070071  23.92854825  21.78541189
   25.58804949  25.29397088]
 [ 25.13136798  25.3599358   24.48212042  23.92681896  21.80169856
   25.52617893  25.43393441]
 [ 25.09207181  25.36965407  24.48008303  23.90931716  21.78476213
   25.56337742  25.46790157]
 [ 25.09447495  25.37093783  24.47727608  24.05759291  21.79232401
   25.55686301  25.47113375]
 [ 25.10217262  25.37072404  24.4655365   24.17361005  21.79340398
   25.56834396  25.47172927]
 [ 25.10321839  25.36812296  24.44156817  23.92181225  21.79341625
   25.56988513  25.47060422]
 [ 25.10277398  25.34814732  24.43530783  23.92606534  21.79297646
   25.56960608  25.46502096]
 [ 25.09935888  25.23529514  24.4741361   23.92683737  21.7905861
   25.56614893  25.53448101]] dB
