
CONSTRAINED EXCEEDED!
Wind Directions: [   0.    22.5   45.    67.5   90.   112.5  135.   157.5  180.   202.5
  225.   247.5  270.   292.5  315.   337.5] degrees
AEP: 32679755.733 kWh
X-locations (initial): [ 460.  850.  320.  750.  180.  630.  100.  540.  110.  470.  100.  440.] m
X-locations (final): [ 340.7427893   542.67839675   84.04108852  205.72036967  506.37491557
  628.9159892   647.9528947   745.01976866  719.15359362  921.44418
  705.60344056  940.79121579] m
Y-locations (initial): [  140.   320.   350.   500.   590.   770.   850.  1000.  1150.  1300.
  1430.  1570.] m
Y-locations (final): [    0.           282.07356858     0.           262.48934933   957.67491002
   610.50598502  1079.80924283   859.02041958  1427.62657726   984.69549596
  1609.64956448  1269.54527242] m
RPM: [[  2.18089857   2.139736     2.1954046    2.09329416   4.3687869
    1.81059023  12.53899899   2.08733594   2.20602803   2.07972148
    2.32707494   2.11615797]
 [  3.00789348   3.15617948   7.82833529   2.61135767   8.36088829
   10.35425912   6.68756083   2.77518381   6.32262509   2.8059879
    2.69842635   2.18010517]
 [  8.52886008   3.32420745   3.32550213   2.48784145   9.72738504
    2.58546468   9.10508544   2.68506649   2.65948287   4.8419208
    2.66167638   2.48645554]
 [  9.47270242   2.68558068   8.82120348   2.16461837   8.58781129
    2.17130775   5.30166478   2.55496338   1.71868182   6.11417178
    8.02587493   2.0915481 ]
 [  3.01100956   1.34379261   9.02357835   1.32304488   8.43542979
    1.37268238   7.91372557   1.32178653   1.49573306   7.2869487
    1.22257715   1.18071298]
 [  0.6123739    6.81211497   7.73749905   3.94693967   8.90077901
    2.6193962    8.9678803    2.59497698   8.03448952   3.24717663
    1.37345216   1.35426387]
 [  4.11042759   4.13293821   9.03157104   3.97047528   8.50658243
    2.0189256    9.82343111   1.93425971   2.17536701   1.6514876
    2.64952126   0.66402124]
 [  2.1785621    2.3070092    2.21177596   2.10821738  12.84752408
    1.96049412   2.2710297    2.24352345   2.15858151   2.33362418
    2.13601041   2.250336  ]
 [  5.3019901    7.52587326   3.31541337   2.37633931  10.44103856
    2.16279195   8.90148194   2.13609684   1.97698097   1.63343379
    7.07265336   1.74730424]
 [  6.55421413   2.36133111   8.67857077   6.34566023   7.97571237
    8.29066449   8.87716791   8.11622772   3.2726796    2.48970816
    2.57273264   2.40120182]
 [  8.65740213   2.81384754   4.42838907   3.05550099   9.89698319
    2.33117123   7.66530773   7.48172466   2.16330405   6.62632319
    2.3221364    2.29522891]
 [  2.56798792  10.23789175   4.16228178   2.66628796  10.31966772
    2.42462808   8.2705752    2.55826362   2.72160725   2.36222801
    2.94692987   2.66552566]
 [  2.72417365   8.99076444   5.22214539   3.25452599   9.38877444
    2.12859304   9.25295885   1.93704756   2.4250029    2.87985493
    2.61070172   1.97655222]
 [  1.25698849   1.24069039   8.22762148   1.29100445   8.59477732
    1.50849937   8.93416878   8.45969984   2.40569619   6.61491641
    1.54031885   1.3403424 ]
 [  7.18390086   8.62995468   7.81515024   2.46730241   7.81646143
    2.19518534   9.74298922   2.22704856   2.0488076    1.41657767
    2.7771782    1.12106409]
 [  1.18315369   1.14745038   8.45067807   1.09005164   1.1104896
   10.44404769   8.68841135   1.15577615   4.78185625   1.20601524
    2.60220996   1.19544668]]
Effective wind speeds: [[ 14.          13.96263923  14.          14.          14.          12.57838766
   13.99160764  13.98882495  13.97567668  13.97734439  14.          14.        ]
 [ 13.455392    13.69026928  13.81568791  13.71060536  13.85313052
   13.96537673  13.98548137  13.98281331  13.99973668  13.99995562  14.
   14.        ]
 [ 13.99419066  14.          13.9955024   13.97434911  13.01435802
   13.99026997  13.99564149  13.93899667  14.          14.          14.
   14.        ]
 [ 14.          14.          13.99079808  13.99995332  13.9837337   14.
   13.99785898  13.95012829  14.          14.          14.          14.        ]
 [ 14.          14.          13.9630997   13.99084063  13.81806909  14.
   13.99239337  14.          14.          14.          14.          14.        ]
 [ 14.          14.          14.          14.          13.96926127  14.
   13.97123667  14.          13.9957683   14.          14.          14.        ]
 [ 14.          14.          14.          13.99792485  14.          14.
   13.99903131  14.          13.99803989  14.          13.99906198  14.        ]
 [ 14.          14.          14.          13.98538399  13.98172002  14.
   13.9749608   14.          13.98574167  14.          13.9862394   14.        ]
 [ 14.          14.          14.          14.          13.88984344
   13.9749077   13.98107648  14.          13.86741741  14.          13.78331606
   13.98298968]
 [ 14.          13.97291842  14.          13.28167424  13.77078811
   13.88509914  13.96085997  13.34463544  13.5992659   13.99769448
   13.91526865  13.46313502]
 [ 14.          13.89785147  14.          14.          14.          13.98486206
   12.74390314  13.99314363  14.          13.67915354  14.          13.88027161]
 [ 13.9994391   13.99935406  14.          14.          14.          14.
   13.82362623  14.          14.          13.99238691  14.          13.94142505]
 [ 13.89200953  13.97485206  14.          14.          14.          14.
   14.          13.99172921  14.          13.57089072  14.          14.        ]
 [ 14.          14.          14.          14.          14.          14.
   14.          13.28270298  14.          13.42326039  14.          13.99200574]
 [ 13.9989593   14.          14.          14.          14.          14.
   14.          13.95388159  14.          14.          14.          13.99199393]
 [ 13.99316865  14.          14.          14.          14.          13.99019272
   14.          13.28577324  13.98907777  13.95559365  14.          13.99982771]] m/s
Max SPL: 35.5289643404 dB
SPL: [[ 33.49037563  35.08531388  34.74029654  34.07979149  30.13170902
   34.30818339  32.65339513]
 [ 34.33441837  34.91974656  34.14018435  33.58683803  30.813504
   34.40367602  34.00341088]
 [ 33.95676101  34.68543089  33.97075695  33.46548289  30.47903484
   34.45893231  33.53497583]
 [ 34.44221029  34.84541858  34.72430988  33.94690616  31.20470911
   34.83426875  34.84105497]
 [ 33.20488797  34.0985801   33.13020822  33.28782327  29.9963459
   33.77060117  33.56111949]
 [ 33.97696967  35.07398463  34.7561187   34.16204052  30.81719917
   34.77820544  33.91338624]
 [ 33.60490936  34.31245771  33.62887474  33.28500898  30.62821762
   34.47412054  34.12737787]
 [ 33.60444508  34.63393429  34.18641741  33.95443342  30.74152596
   35.04358292  33.72400547]
 [ 34.13613281  35.09032705  35.01312969  34.4892306   30.84347543
   34.91889131  33.82775311]
 [ 35.04896589  35.52896434  34.56707191  34.06241894  31.62588305
   35.18680454  35.04210805]
 [ 34.37219505  35.19208447  34.21568283  33.63537152  30.79285595
   34.71245651  33.90806228]
 [ 34.80189986  35.09409513  34.25874863  33.68174787  31.02205995
   34.9716679   34.06621199]
 [ 34.22070466  34.77097706  33.9973718   33.64370959  30.59613283
   34.56656531  33.62418238]
 [ 34.17578968  35.2788145   34.52055257  33.67954381  30.71085739
   34.61339253  33.88963596]
 [ 34.52086881  34.68021285  33.81927523  33.43528187  30.91972437
   34.67230346  34.35997825]
 [ 34.16489495  34.34951149  33.57517005  33.00104311  30.43035548
   34.14925071  34.34591948]] dB
