
CONSTRAINT SATISFIED WITHIN LIMITS
Wind Directions: [   0.    22.5   45.    67.5   90.   112.5  135.   157.5  180.   202.5
  225.   247.5  270.   292.5  315.   337.5] degrees
AEP: 116374945.886 kWh
X-locations (initial): [ 460.  850.  320.  750.  180.  630.  100.  540.  110.  470.  100.  440.] m
X-locations (final): [ 512.2388413   729.94971193  398.06743935  577.27593615  291.22479135
  662.10782166  367.31258912  633.79935633  467.00725344  730.92894822
  515.85948525  550.92894822] m
Y-locations (initial): [  140.   320.   350.   500.   590.   770.   850.  1000.  1150.  1300.
  1430.  1570.] m
Y-locations (final): [  7.90653619e-01   3.75448111e+02   1.39948445e+02   4.70793370e+02
   2.84809237e+02   7.88667378e+02   5.45656300e+02   9.66427418e+02
   8.98748795e+02   1.65000000e+03   1.34158529e+03   1.65000000e+03] m
RPM: [[ 10.23018004  10.08810482  10.15817484  10.00028958  10.09150901
    9.88192596   9.943657     8.86030606   8.75935705   9.85944573
    8.11252648   9.85503819]
 [ 10.21079011  10.09858167  10.09513561   9.99611932   9.98889879
    9.86911697   9.89275604   9.89562701   8.95536352   9.07186434
    7.96356951   9.81519356]
 [ 10.14711226  10.12415102  10.13642956  10.07084915  10.11159375
    9.91034282   8.91569375   9.84996792   8.06031756   9.83078335
    7.93021291   9.79662367]
 [ 10.13938992   9.8820437   10.12384291   9.91638766  10.0896274
    9.79602684   9.9430468    9.79473128   8.02147556   9.76558272
    7.9461868    9.80852573]
 [ 10.11303018   9.8939825   10.09056193   9.90949819  10.01206561
    9.82077736   9.8888582    9.81630829   8.1188758    9.78096713
    7.95118722   9.79619156]
 [ 10.12947481   9.95333128  10.10257874   9.88073959  10.11744331
    9.9872205    8.90522824  10.01621164   8.90099388   9.01464984
    9.9096608    8.24406213]
 [ 10.1051075   10.05014946   9.94412241   9.96465198   9.92195509
    9.93197193   9.91175114   9.89077108   8.12087432   9.94644907
    7.98674041   9.74180456]
 [ 10.09912013   9.94636959  10.02705159   9.95759602   9.95169954
    9.89062275   9.82437393   9.85496842   8.16411664   9.91290314
    8.00753244   9.86109564]
 [ 10.07515111   9.8676963   10.06940321   9.90492575  10.06097734
    9.872152     9.89593827   9.86439095   9.88426846  10.01297541
    2.51389058   9.98119221]
 [ 10.18299744   9.95754436  10.20010027  10.02902442  10.20626716
    8.99656855  10.06893502   9.96023985  10.06011452   9.98787166
    2.76683712  10.09790445]
 [ 10.12605435  10.14961353  10.13830581  10.10959291  10.1290958
    9.9784093    9.95218669   9.98016159   8.28109325  10.08091538
    2.29559646   9.93001199]
 [ 10.19404941   9.8635937   10.22569986   9.96578004  10.24989967
    9.80206617  10.12708279   9.79874918   2.47772405   9.73572487
    8.96084388   9.88406612]
 [  9.949907     9.83328748   9.96029111   9.88305416   9.92797823
    9.90822925   9.86798992   9.91337248   9.84755246   9.98506729
    2.30699395   9.92114818]
 [ 10.08348826   9.87216152  10.00889221   9.8090475   10.02505274
    9.85828459   9.86539906   9.91773604   9.81765303   9.80285081
    8.13706687   8.02543592]
 [  9.99552903   9.94961176   9.93751491  10.00988815   9.98859112
    9.98169732   9.98546917   9.9846873    9.13953696  10.12384148
    2.43883341  10.06492613]
 [ 10.12647348   9.99323065  10.02786824   9.9608399    9.94843927
    9.87643091   9.83275253   9.83686078   8.08536937   9.93968689
    7.94556242   9.82271965]]
Effective wind speeds: [[ 13.66228048  13.77519083  13.52848991  13.68357486  13.86335031
   13.4991346   13.9900479   13.96166902  13.71038038  14.          13.27367797
   14.        ]
 [ 13.66083877  14.          13.16015819  13.6911663   13.36036039  14.
   13.75748975  14.          13.8592326   14.          13.9243637   14.        ]
 [ 14.          14.          13.78011504  14.          13.80496431  14.
   13.34665797  14.          13.80664189  14.          13.92418087  14.        ]
 [ 14.          14.          13.99632452  14.          13.87042293  14.
   14.          14.          12.76637592  14.          14.          13.79669828]
 [ 14.          14.          14.          13.9886067   13.99591015  14.
   13.85415328  14.          13.92553243  14.          14.          12.78858248]
 [ 14.          14.          13.93858186  13.02287103  13.98027436  14.
   12.53172416  14.          13.00286558  14.          14.          13.94859113]
 [ 14.          14.          12.71861462  13.56134079  12.54273225  14.
   14.          13.99988673  13.86160671  14.          14.          14.        ]
 [ 14.          14.          13.74960726  14.          13.59379098
   13.97210336  13.8579897   13.30774554  13.63615531  14.          13.22731758
   14.        ]
 [ 14.          14.          14.          13.75969816  14.          13.90267798
   13.5069444   13.2527735   13.76928951  13.73840775  13.49355329
   13.72515838]
 [ 14.          13.65304821  14.          13.32798536  14.          13.34120421
   13.38930067  13.71631483  13.64073238  13.79450868  14.          13.99982038]
 [ 14.          13.77927464  14.          13.80191166  14.          13.33894039
   14.          13.88688164  14.          13.99811936  14.          14.        ]
 [ 14.          13.91650253  14.          13.88463652  14.          14.
   14.          13.96630121  14.          13.78968903  14.          14.        ]
 [ 14.          13.98760311  14.          13.85617953  14.          13.99999151
   14.          13.92486483  14.          12.73927998  14.          14.        ]
 [ 13.9403444   12.57726398  13.98091797  13.03334762  14.          13.04937136
   14.          14.          14.          13.96493131  14.          14.        ]
 [ 12.39283177  13.56616571  12.94953917  14.          14.          13.89132106
   14.          14.          14.          14.          14.          14.        ]
 [ 13.70437558  13.87038932  13.62167532  13.85674286  14.          13.27213623
   14.          13.66343769  14.          14.          14.          14.        ]] m/s
Max SPL: 40.0123689656 dB
SPL: [[ 40.00000806  40.00000951  40.00000801  39.68629499  36.29837648
   40.0000088   39.34555701]
 [ 39.99997055  39.99993384  39.88335239  39.59488951  36.31463487
   39.99992726  39.30164106]
 [ 39.9799374   40.00000852  39.96579302  39.58712227  36.10207504
   40.00001078  39.18823007]
 [ 40.00000063  40.00000076  39.95862298  39.26915395  36.154683
   40.00000085  39.25820162]
 [ 40.00000183  40.00000381  39.94112005  39.57592907  36.14789863
   40.00000299  39.24676019]
 [ 40.00000071  39.96979536  40.00000043  39.4118951   36.12786903
   40.00000064  39.22685   ]
 [ 40.00592621  40.01116323  39.66649827  39.68236258  36.15072108
   40.01236897  39.20899045]
 [ 40.00068017  40.00074999  40.00045658  39.68574658  36.15206013
   40.00086082  39.18164542]
 [ 40.00000016  40.00000015  39.96632868  39.62042794  36.17287688
   40.00000014  39.34655265]
 [ 40.00000055  40.00000047  40.00000041  39.66567271  36.36367864
   40.00000057  39.36104974]
 [ 40.00000012  40.00000018  39.9339267   39.52213487  36.13287705
   40.00000018  39.27058108]
 [ 40.00004269  40.00003721  40.00002851  39.30489626  36.1608361
   40.00005258  39.2649325 ]
 [ 40.00000092  39.99772624  39.90626626  39.52783387  36.14782541
   40.00000148  39.25679976]
 [ 39.99999905  39.9613506   39.99999941  39.36078489  36.14181987
   39.99999834  39.27649091]
 [ 40.00000014  40.00000013  39.64658055  39.64911174  36.14953583
   40.00000011  39.23211097]
 [ 40.00000098  40.00000094  40.00000071  39.68327168  36.15174527
   40.00000086  39.18336741]] dB
