
CONSTRAINT ALMOST SATISFIED
Wind Directions: [   0.    22.5   45.    67.5   90.   112.5  135.   157.5  180.   202.5
  225.   247.5  270.   292.5  315.   337.5] degrees
AEP: 102604097.92 kWh
X-locations (initial): [ 460.  850.  320.  750.  180.  630.  100.  540.  110.  470.  100.  440.] m
X-locations (final): [   6.21917595  357.55421979    2.37008326  636.06747566  475.73980567
  881.3235605   494.27691853  654.25081521  678.11931674  856.38763826
  326.22176121  597.59186367] m
Y-locations (initial): [  140.   320.   350.   500.   590.   770.   850.  1000.  1150.  1300.
  1430.  1570.] m
Y-locations (final): [    0.            19.64291488   426.31925293    44.341624     727.3471967
   748.32250187   965.25110184   780.05369341   979.21680775   953.89593778
  1033.23599722  1498.58000411] m
RPM: [[  4.72820531e+00   6.94290486e+00   6.17199370e+00   6.54560773e+00
    1.00463673e+01   1.03237186e+01   2.34400052e-01   1.31087925e+01
    1.29627020e+01   5.15494892e+00   1.10385149e+01   1.17378011e+01]
 [  1.68463561e+00   9.33672434e-02   5.64851548e+00   5.54549832e+00
    7.37215750e+00   1.34678767e+01   8.84752878e+00   8.00614174e+00
    9.84303940e+00   9.36643300e+00   1.18708619e+01   1.20246357e+01]
 [  6.03606786e+00   1.47632368e+01   6.41563015e+00   1.16973584e+01
    1.00550938e+01   1.02018296e+01   8.84983711e+00   9.86062467e+00
    8.40004643e+00   9.13302330e+00   9.92936344e+00   7.26260072e+00]
 [  8.28950921e+00   1.14380088e+01   8.35496746e-02   1.17095632e+01
    3.82894834e+00   1.11386472e+01   1.08236883e+01   1.13682281e+01
    9.51674268e+00   9.51640506e+00   1.12897070e+01   7.25726738e+00]
 [  8.12867208e+00   1.17414624e+01   2.52249250e+00   1.06150207e+01
    1.01057749e+01   8.90179218e+00   1.40579721e+01   6.15220298e+00
    1.29575466e+01   3.85163337e+00   1.05023809e+01   5.06883399e-04]
 [  8.35877487e+00   8.13256962e+00   7.78265265e+00   8.42079826e+00
    1.04570149e+01   1.10166589e+01   5.57848938e+00   9.67267845e+00
    1.07858823e+01   8.40949979e+00   9.81517270e+00   1.09603959e+01]
 [  6.81872348e+00   8.41051750e+00   2.42497528e+00   6.77031425e-01
    9.45210480e+00   1.02330356e+01   9.87606564e+00   1.17601163e+01
    1.17726063e+01   9.80295664e+00   1.06243445e+01   8.70259982e+00]
 [  6.85731711e+00   1.17878556e+01   1.23786286e+01   1.34635211e+01
    4.54001104e+00   8.04735201e-01   5.50598611e+00   4.68263828e+00
    1.04921713e+01   1.09743312e+01   1.03926365e+01   8.90929788e+00]
 [  7.64762880e+00   7.99775376e+00   9.61094082e+00   8.78597135e+00
    1.20244105e+01   1.00572205e+01   1.33834092e+01   1.12937746e+01
    8.45483117e+00   1.15050149e+01   2.39357836e+00   2.19973727e+00]
 [  1.52857944e+00   2.36792867e-01   4.47000575e+00   4.93347836e+00
    7.45251141e+00   1.28235532e+01   9.88271242e+00   9.42860757e+00
    1.04056803e+01   9.74535153e+00   1.17012682e+01   1.17145416e+01]
 [  6.60427000e+00   1.43705785e+01   6.24881234e+00   1.27099404e+01
    8.14092508e+00   9.66172860e+00   8.68718840e+00   1.07327703e+01
    8.65833135e+00   9.08366163e+00   1.03922093e+01   7.52423736e+00]
 [  9.64219131e+00   1.21424669e+01   7.81111344e+00   1.11573775e+01
    8.02180679e+00   9.47919045e+00   1.03917627e+01   8.62648343e+00
    1.09614660e+01   5.76401312e+00   1.15168475e+01   4.31068346e+00]
 [  9.03547011e+00   1.12153029e+01   7.22729514e+00   9.88416310e+00
    6.25131818e+00   9.50745200e+00   1.07155221e+01   8.26299808e+00
    1.39250662e+01   3.53136443e+00   1.25180342e+01   1.45245757e-03]
 [  8.31367736e+00   1.03437879e+01   7.40826254e+00   9.29120219e+00
    7.59393529e+00   1.03894414e+01   9.96414872e+00   5.21402616e+00
    1.23011033e+01   5.58019483e+00   1.07589603e+01   1.36711730e+01]
 [  4.47059605e+00   1.52434434e+00   6.87877315e+00   1.01808681e+01
    1.01719265e+01   1.00565940e+01   1.05109611e+01   1.08620585e+01
    9.00634229e+00   9.47864833e+00   1.13269868e+01   7.98025152e+00]
 [  9.36211236e+00   1.04942510e+01   8.96864101e-04   8.01889605e+00
    1.72980699e+00   2.55184658e+00   8.72115069e+00   1.50441591e+01
    1.00705230e+01   9.14347125e+00   1.06080983e+01   1.08019806e+01]]
Effective wind speeds: [[ 13.85136324  13.74689833  14.          12.60361876  13.98593718
   13.92458084  13.96474524  11.81809085  13.94823716  14.          14.
   14.        ]
 [ 13.79543877  13.7980199   13.63519929  13.5505543   13.90940771  14.
   13.99748052  13.66892406  14.          14.          13.67601545  14.        ]
 [ 13.90999997  14.          13.7937519   14.          13.67320978  14.
   14.          13.1899604   14.          14.          14.          14.        ]
 [ 13.99834041  13.81260979  13.57179273  14.          12.32056679  14.
   13.55586087  13.97793309  13.95770193  14.          14.          14.        ]
 [ 12.65474653  13.1294751   14.          14.          13.53132006  14.
   11.88892726  13.34684883  13.9499014   14.          12.73644935  14.        ]
 [ 14.          14.          13.99079342  14.          14.          14.
   13.42218272  13.63620829  13.69912898  14.          13.48004075  14.        ]
 [ 14.          14.          13.66784294  14.          14.          14.
   12.28936994  14.          12.93725305  14.          13.57884698  14.        ]
 [ 14.          14.          14.          14.          13.97366837  14.
   13.99562294  14.          13.99908377  13.99603816  13.83406875
   13.51779464]
 [ 14.          14.          13.65405626  14.          13.99505332  14.
   12.18565695  13.66336854  12.37926224  13.15772209  13.90317061
   13.78665392]
 [ 14.          14.          14.          14.          13.99999632
   13.98355194  13.9657275   13.99924337  13.70610244  13.99990973
   13.98673238  13.69734706]
 [ 14.          14.          14.          14.          13.99905992
   13.98070933  13.94540931  13.96205273  13.71474253  12.71758067  14.
   14.        ]
 [ 14.          13.99898497  14.          13.79409093  13.99643986
   13.85397801  14.          13.40091757  13.43773463  13.90095494  14.
   14.        ]
 [ 14.          13.45683579  14.          12.87348748  14.          13.46406973
   13.39133804  13.92760083  12.33230802  10.92587309  14.          14.        ]
 [ 14.          14.          14.          13.99414869  14.          13.24276408
   12.4465499   13.98783469  13.95913245  13.1168498   14.          14.        ]
 [ 14.          13.84083023  14.          14.          13.99320922
   13.26509885  13.81607084  12.63246627  14.          14.          14.
   14.        ]
 [ 14.          14.          14.          13.91306491  13.15206597
   13.29748109  14.          13.95519372  13.99672292  13.5375824   14.
   14.        ]] m/s
Max SPL: 41.0010984032 dB
SPL: [[ 40.00397073  40.95403989  40.44111612  40.08882782  36.43363171
   40.55172371  39.151114  ]
 [ 39.77376629  41.00015438  40.33335797  39.92315819  36.01574349
   39.94461444  38.58186106]
 [ 40.89248     40.5939185   39.26684715  38.92091765  36.8607487
   40.00438636  40.34815806]
 [ 40.89855444  40.92432065  39.67153151  38.70637733  36.71093324
   40.60433803  39.88718281]
 [ 40.63759481  40.78832319  39.74215806  39.43898751  36.97279618
   40.99151182  40.11726841]
 [ 39.67942682  40.34247409  39.15092651  39.19540723  36.01575722
   40.03846183  39.09065907]
 [ 39.71509425  40.61702849  39.53335551  39.21109758  36.04497563
   40.16025578  38.86150865]
 [ 40.67504266  39.96086956  39.17481305  38.93976226  36.89579571
   40.72574722  40.41266698]
 [ 40.51198794  41.0010984   39.72330749  39.26311451  36.73954731
   40.73406022  39.89601874]
 [ 39.75476755  41.00011647  40.32290632  39.91596201  36.07447535
   39.94281944  38.61150976]
 [ 40.98449486  40.616007    39.31191061  38.97357894  36.87208449
   40.06248985  40.34064392]
 [ 40.3426369   40.07732424  38.92254942  38.38141994  36.62097209
   40.50755532  40.11445201]
 [ 40.47044447  40.79569467  39.72555974  39.37015121  36.94627112
   40.99668502  40.16843447]
 [ 40.13844546  40.98374138  40.5703446   40.58256337  36.87889759
   40.99924297  39.79000465]
 [ 39.64653246  40.15326675  39.07173796  38.85874998  35.89090053
   40.05542189  38.76439267]
 [ 40.34889328  40.43401336  40.18164829  39.85020563  36.75581096
   40.75247327  39.52724826]] dB

-----------SNOPT-----------
