
CONSTRAINT SATISFIED WITHIN LIMITS
Wind Directions: [   0.    22.5   45.    67.5   90.   112.5  135.   157.5  180.   202.5
  225.   247.5  270.   292.5  315.   337.5] degrees
AEP: 204359315.475 kWh
X-locations (initial): [ 460.  850.  320.  750.  180.  630.  100.  540.  110.  470.  100.  440.] m
X-locations (final): [ 498.19157706  820.54132298  367.37150449  726.14474549  282.38298306
  775.31115064  219.90002046  734.16487343  438.97965329  663.00871508
  384.4195304   605.89188139] m
Y-locations (initial): [  140.   320.   350.   500.   590.   770.   850.  1000.  1150.  1300.
  1430.  1570.] m
Y-locations (final): [    9.00625647   206.47636897   132.64326767   368.81115083   291.31580461
   864.8892262    586.05940846  1178.46247282   950.22966584  1343.80093869
  1330.24455803  1650.        ] m
RPM: [[ 13.1112239   12.83922615  13.00075181  11.70554578  13.02709957
   12.4949361   12.83715894  12.57014324  12.65500812  12.60380772
   11.14253069  12.67981496]
 [ 12.92323135  12.80410607  13.00805675  12.72945414  12.8908093
   12.67250403  12.65759395  11.37734155  11.43614396  12.64323121
   12.64686336  12.74266573]
 [ 12.8885953   12.84377161  12.84870255  12.84185802  12.94249638
   12.68903768  12.7019603   12.63907911  11.22585283  12.69332152
   10.3792838   12.75103422]
 [ 12.89238797  12.66962523  12.92126362  12.67314118  12.83143691
   12.49898682  12.62510322  12.50560217  10.35813726  12.52946786
   12.55632263  12.58410161]
 [ 12.73326746  12.43322415  12.8234179   12.51169819  12.86783399
   12.44210121  12.98030192  12.48735931  12.68604815  12.50128035
   10.58024819  12.67029073]
 [ 12.89492759  12.68057671  12.80769184  12.62449078  13.01732966
   11.58892576  12.09269611  12.63237153  12.72034908  12.79228729
   11.17327501  12.885758  ]
 [ 12.80956927  13.00224671  11.20060998  12.63041415  12.58744259
   12.72792958  13.03795956  12.66637698  12.86830793  12.65868847
   10.76342622  12.81409558]
 [ 13.28398237  12.88263149  12.89487014  11.87366192  11.61565468
   13.19513539  11.72009132  12.73119365  12.87150966  11.1637576
   12.73431515  12.88325046]
 [ 13.03453801  12.79207602  12.94323773  12.67543098  12.87424914
   11.46628852  12.68003998  12.55749876  11.57802923  12.70458971
   12.63075456  12.79990254]
 [ 12.89906171  12.72268331  12.99153445  12.64446244  12.97108318
   12.62573814  12.68242582  12.6109057   11.58895754  11.37796267
   12.68535086  12.713154  ]
 [ 12.87028499  12.86002978  12.82541417  12.85338896  12.93568238
   12.73359963  12.68890396  12.60736469  11.15969913  12.75145933
   10.34854298  12.75834027]
 [ 12.85239654  12.62507468  12.88776668  12.69208378  12.82899742
   11.60113992  12.67335366  12.75625154  12.68852271  12.7618284
   10.59826648  12.82069249]
 [ 13.00780177  12.65190368  13.01834767  11.69150062  12.98802789
   12.60485626  12.84463588  12.63228467  12.68933801  12.47860859
   10.33806854  12.7498343 ]
 [ 12.88244502  12.87836146  13.04244757  11.57499459  13.053534
   12.63468187  12.7546076   12.47414455  12.72154488  12.70218203
   10.32457338  12.78545608]
 [ 11.18934162  12.75687104  12.53555633  12.98761414  12.84204896
   12.79368056  12.85785965  12.69952685  12.79289008  12.73547247
   10.59804125  12.81748548]
 [ 13.32641305  12.66724397  11.67678742  12.85057651  12.71560522
   13.15961895  11.24323315  10.92067181  12.81673163  12.63492707
   12.65397206  13.00217492]]
Effective wind speeds: [[ 13.80920509  13.58894628  13.58072279  12.82078255  13.78366463
   13.33872159  14.          13.89449866  13.77153086  13.70520805  14.
   14.        ]
 [ 13.6775814   14.          13.86252723  14.          13.74314923  14.
   13.51780671  14.          13.36771886  14.          13.8320413   14.        ]
 [ 13.89568345  14.          13.8764593   14.          13.79097341  14.
   13.78022032  14.          13.07092995  14.          13.88731348  14.        ]
 [ 13.75667666  14.          13.96250291  14.          13.95957054  14.
   13.61931713  14.          13.99829419  14.          13.95661759  14.        ]
 [ 14.          14.          13.92637158  14.          13.85490813  14.
   14.          14.          13.87889932  14.          12.42467479  14.        ]
 [ 14.          14.          13.44785319  14.          14.          14.
   12.74131763  14.          13.66099091  14.          12.28707252  14.        ]
 [ 14.          14.          11.70274784  12.8613963   12.55574001  14.
   14.          14.          14.          13.53841676  13.37512842  14.        ]
 [ 14.          14.          13.91482295  12.55928008  12.18905433  14.
   12.43900764  13.81588808  13.51636372  11.56120715  13.35207891
   13.21795144]
 [ 14.          14.          14.          14.          13.99208011
   13.13418846  13.7857972   12.98914315  13.67050364  13.80974369
   13.44896522  13.68838515]
 [ 14.          14.          14.          13.68296317  14.          13.86982013
   14.          13.74105707  13.50205817  13.40120993  14.          13.72666074]
 [ 14.          13.89530338  14.          13.87672064  14.          13.78065413
   14.          13.29143783  13.99905805  14.          14.          13.93451697]
 [ 14.          13.74729326  14.          13.94476954  14.          13.60539552
   14.          13.99822884  14.          13.97190479  14.          14.        ]
 [ 14.          13.82744738  14.          13.94304192  14.          13.87255886
   14.          14.          14.          13.03930179  14.          14.        ]
 [ 13.43221745  13.99389655  14.          12.70794131  14.          13.56819782
   14.          12.98688222  14.          14.          14.          14.        ]
 [ 11.23526518  12.86453094  13.04862052  14.          14.          13.61141391
   14.          13.53197506  14.          14.          14.          14.        ]
 [ 13.59709355  12.34732018  11.93595527  13.40719521  13.4425933
   13.71091178  14.          11.40625725  13.94848757  13.46400186  14.
   14.        ]] m/s
Max SPL: 44.0000413528 dB
SPL: [[ 44.00000347  44.00000632  43.71242826  43.44916472  40.55581787
   44.00000602  43.35239242]
 [ 44.00000088  44.00000057  43.70536441  43.487149    40.40099635
   44.00000055  43.18166472]
 [ 43.99996629  43.99994944  43.61298133  43.27012561  39.98878181
   43.9999706   43.09231139]
 [ 44.00000013  44.00000015  43.67583797  43.36328855  40.05130565
   44.00000015  43.11170835]
 [ 44.00000046  44.00000059  43.62217868  43.28603615  40.0630828
   44.0000006   43.15866542]
 [ 43.99999967  44.0000011   43.73176166  43.42873606  40.05492153
   43.99999943  43.11450125]
 [ 44.00001438  44.00002349  43.61307674  43.42471124  40.03057626
   44.00003853  43.04218322]
 [ 44.00000099  43.94431753  43.67570629  43.46111305  40.02686977
   44.00000151  43.13191733]
 [ 43.99999572  43.99999149  43.75126127  43.53424807  40.65035226
   43.9999931   43.32917217]
 [ 44.0000085   44.00000685  43.66652153  43.44807197  40.40489965
   44.00001028  43.19628425]
 [ 44.00000647  44.00000648  43.6136162   43.27085121  39.98938649
   44.00000883  43.09297415]
 [ 44.00004135  44.00003772  43.67772964  43.31362549  40.06533138
   44.00004117  43.14747447]
 [ 44.0000016   44.00000069  43.63016541  43.29130552  40.07096038
   44.0000008   43.17616028]
 [ 44.0000005   44.00000043  43.71297434  43.36137173  40.06812481
   44.00000034  43.16594345]
 [ 43.94594735  44.00000014  43.61574367  43.42265031  40.02999845
   44.00000015  43.05244465]
 [ 43.97369627  43.91203755  43.71051297  43.51191113  40.01951159
   43.99999818  43.07379005]] dB
