
CONSTRAINT SATISFIED WITHIN LIMITS
Wind Directions: [   0.    22.5   45.    67.5   90.   112.5  135.   157.5  180.   202.5
  225.   247.5  270.   292.5  315.   337.5] degrees
AEP: 241122758.791 kWh
X-locations (initial): [ 460.  850.  320.  750.  180.  630.  100.  540.  110.  470.  100.  440.] m
X-locations (final): [  604.33134348  1001.48687617   486.97161672   882.43522677   312.90926507
   834.82517847    68.82247205   773.51962695   429.84846951   707.16607248
   201.36948039   599.7729559 ] m
Y-locations (initial): [  140.   320.   350.   500.   590.   770.   850.  1000.  1150.  1300.
  1430.  1570.] m
Y-locations (final): [    0.           245.94347075   150.45953348   381.86037856   431.2359997
   774.5492491    730.39496264  1085.22952558  1012.97984303  1490.08298203
  1385.54912871  1650.        ] m
RPM: [[ 13.7198582   13.71950122  14.04024136  13.38123978  14.17551494
   13.76868943  13.76606747  14.10571232  14.11291747  14.38440034
   13.62155633  14.22986065]
 [ 14.23784768  14.19923859  14.19023792  14.21377809  13.69477737
   13.68216183  14.06017172  13.91523642  13.74839138  13.7024091
   13.64763712  14.08479814]
 [ 13.81498218  13.40297015  14.2602501   13.49374816  14.34578539
   14.00229874  13.17583779  13.9580657   13.98864531  14.25907661
   13.80004853  14.28884271]
 [ 14.05383505  13.53020495  13.6053704   13.60614474  14.26321621
   14.10668518  13.65445549  13.7789005   13.37915908  14.32423045
   13.67945741  14.32514315]
 [ 14.03532876  13.43381427  14.21198388  13.45706644  13.35956024
   13.88135022  13.43520747  14.2562139   14.11663933  14.32518931
   13.57851642  14.32324264]
 [ 14.1666664   13.19329834  14.29207344  13.18228947  14.34448688
   14.08395627  13.41327798  14.2352684   13.62408802  14.48318065
   13.31949177  14.44370728]
 [ 14.38929914  13.75262912  12.62368806  12.78993024  14.20962039
   14.41198765  13.26688532  14.55913043  14.58524189  14.33268571
   13.65605247  13.80516957]
 [ 14.32893328  13.44454642  13.57108416  14.249777    13.7879819
   12.8930776   14.13047041  14.05287049  14.30114939  14.27152487
   13.57425256  13.44900482]
 [ 14.07171911  13.59733059  14.19957645  13.60816444  14.18356
   13.56947634  13.90950923  13.73027042  13.72040617  14.16813979
   14.00061839  13.97340071]
 [ 14.24431757  14.04870545  14.25524622  14.08994872  14.19187674
   13.6318087   13.67372341  13.96106087  14.1310136   13.52017788
   13.56077196  14.19360044]
 [ 14.00793725  13.42556713  14.18926691  13.5163789   14.21933885
   14.06665747  13.66785385  13.9205781   13.15847958  14.3107845
   13.86642265  14.31265911]
 [ 14.05691218  13.39330524  14.13072686  13.52657244  14.18727003
   14.11717126  13.53772808  13.5452534   13.79620083  14.27025486
   13.52588087  14.29855005]
 [ 14.23531274  13.61122041  14.23719814  13.17888872  13.72983821
   13.59555361  13.44244044  14.30959253  13.93141448  14.31689363
   13.56727051  14.25838003]
 [ 14.33032804  13.3675519   14.33389317  13.3153267   14.25758421
   13.8371662   13.42031796  13.73161339  13.99735634  14.34494916
   13.35344761  14.32285259]
 [ 12.62361319  12.78475524  13.6873691   14.44774669  13.12613373
   14.16637783  13.93804275  14.97129316  14.45049976  13.51161983
   13.50931305  14.3942536 ]
 [ 14.00978466  12.82804797  14.12809158  14.51730349  14.17595068
   13.68210961  14.00912032  14.03167535  14.07212565  13.38170926
   13.47909559  13.88953999]]
Effective wind speeds: [[ 13.62478788  14.          13.7457972   13.43335018  13.9905627
   13.71631365  13.99842334  13.81728085  14.          14.          14.
   14.        ]
 [ 13.95135088  14.          13.80257086  14.          13.66260501  14.
   13.99472153  14.          13.67221548  14.          14.          14.        ]
 [ 13.90510251  14.          13.99598256  14.          13.99694725  14.
   13.18553618  14.          14.          14.          13.91963661  14.        ]
 [ 13.9204216   14.          13.78438316  14.          13.99977739  14.
   13.76295144  14.          13.41532974  14.          13.93157935  14.        ]
 [ 14.          14.          13.99316786  14.          13.17925644  14.
   13.5689012   14.          13.88875615  14.          13.99782504  14.        ]
 [ 14.          14.          13.96135453  13.80238617  13.987212    14.
   13.17522385  14.          13.45453046  14.          13.37624679
   13.99967421]
 [ 14.          14.          11.31106047  11.02994757  13.63130246  14.
   12.46326387  14.          13.99243294  14.          13.16223134
   12.06497586]
 [ 14.          14.          13.37750318  13.63418062  13.54068201
   13.13819156  14.          13.3315026   14.          13.91611345
   13.84647676  12.63734918]
 [ 14.          14.          14.          14.          14.          13.46543888
   14.          13.72136675  13.7479047   13.80650221  13.99352599
   13.6368266 ]
 [ 14.          14.          14.          13.9910699   14.          13.78381726
   14.          13.97668736  13.99961092  13.50313124  14.          13.97101267]
 [ 14.          13.98664953  14.          13.89897419  14.          13.99687559
   14.          14.          13.22063835  13.95448542  14.          13.92328319]
 [ 14.          13.9136779   14.          13.76979881  14.          13.99977552
   14.          13.37077841  14.          13.93853927  14.          13.99125524]
 [ 14.          13.99242187  14.          13.14587923  14.          13.59501734
   14.          13.8926072   14.          13.99801456  14.          14.        ]
 [ 13.96074892  13.74017372  14.          13.17775054  14.          13.45987585
   14.          13.44482296  14.          13.99967825  14.          14.        ]
 [ 11.39902098  10.79849239  13.6466736   13.99381746  12.55334456
   13.24761724  14.          14.          13.97305304  12.05527914  14.
   14.        ]
 [ 13.3647338   12.944036    13.54190046  13.9889644   14.          13.26368431
   14.          13.29377734  13.86146595  12.92143241  14.          14.        ]] m/s
Max SPL: 46.0149449406 dB
SPL: [[ 46.00202377  45.9446085   45.74012649  45.55366516  41.90514611
   46.00399269  44.74045959]
 [ 46.01494494  46.00141473  45.60711765  45.42783169  42.01473363
   46.00169788  44.78262129]
 [ 45.99982854  45.99984705  45.72438952  45.51494789  41.86102031
   45.99980212  44.69355173]
 [ 45.99969581  45.94722289  45.66537346  45.47819736  41.80520041
   45.99995625  44.64860688]
 [ 45.99999249  45.98969098  45.70911205  45.56166202  41.80307005
   46.00044136  44.6116585 ]
 [ 45.99976257  46.00014412  45.75531228  45.50947961  41.83489592
   46.00019688  44.68447958]
 [ 45.98534265  46.00127093  45.54764354  45.44274828  41.79214271
   45.99918338  44.57697656]
 [ 45.99946362  45.86124548  45.46073613  45.29576814  41.79229357
   45.99890217  44.84587031]
 [ 45.99997406  45.84700688  45.60754684  45.4686231   41.90469294
   46.00220977  44.75775997]
 [ 46.01211789  45.99977299  45.60655773  45.43194059  42.04185147
   46.00072137  44.80058659]
 [ 46.00126063  45.97234765  45.69706158  45.49203725  41.85853953
   46.00061344  44.71202223]
 [ 45.99994472  45.9268951   45.64087739  45.45121664  41.81705142
   45.99981447  44.67699192]
 [ 46.00019488  45.95069561  45.67392687  45.53480845  41.80971959
   46.00101259  44.64354857]
 [ 46.00588965  45.92345049  45.67692065  45.45576483  41.82791398
   46.0014667   44.69282386]
 [ 45.83469852  45.94271787  45.53270746  45.45167806  41.75713141
   46.0032905   44.52642896]
 [ 46.00354188  45.89183971  45.43228439  45.29024748  41.81955275
   46.00616567  44.88863781]] dB
