
CONSTRAINT SATISFIED WITHIN LIMITS
Wind Directions: [   0.    22.5   45.    67.5   90.   112.5  135.   157.5  180.   202.5
  225.   247.5  270.   292.5  315.   337.5] degrees
AEP: 225733416.641 kWh
X-locations (initial): [ 460.  850.  320.  750.  180.  630.  100.  540.  110.  470.  100.  440.] m
X-locations (final): [ 549.51322326  941.27489375  454.38196474  847.8507537   404.0797036
  803.79827489  350.88215629  726.61645973  298.48620666  675.17979841
  241.3442926   618.15077821] m
Y-locations (initial): [  140.   320.   350.   500.   590.   770.   850.  1000.  1150.  1300.
  1430.  1570.] m
Y-locations (final): [  1.34300332e-02   2.62030032e+02   1.62158744e+02   4.15886942e+02
   5.28430630e+02   8.09201931e+02   7.49008359e+02   9.91497033e+02
   1.09998645e+03   1.33221235e+03   1.43630166e+03   1.65000000e+03] m
RPM: [[ 13.39230137  13.11124744  13.21884677  12.98952494  13.14556484
   13.31423503  13.14651167  13.19485992  13.16422354  13.32305273
   13.46073985  13.62527567]
 [ 13.65791824  13.20903518  13.48770855  13.20605165  13.3615835
   13.04800841  13.29864003  13.08981626  13.20860031  13.04986033
   13.33126755  13.19421001]
 [ 13.21402011  13.15606179  13.40264184  13.20594127  13.15344106
   13.30657606  13.13034266  13.20589562  13.01066166  13.30040825
   12.86326199  13.32751507]
 [ 13.29288952  13.00841446  13.20233872  13.12080488  13.20211251
   13.2708122   13.13066735  13.31133709  13.02302976  13.34679262
   12.85019836  13.36166782]
 [ 13.28521443  13.01374685  13.29121594  13.11475851  13.18197916
   13.20091099  13.05290399  13.2915661   13.0134858   13.33346199
   12.89891639  13.37306174]
 [ 13.3620247   12.92280918  13.36395283  13.17669743  12.82049201
   13.20668784  13.16425767  13.3470169   12.95035884  13.37582067
   12.95624876  13.42042901]
 [ 13.41515226  13.18910732  12.85176783  12.74543691  13.42371416
   13.44824018  13.19586608  13.19732515  13.07382931  13.48607785
   12.6126893   13.48279584]
 [ 13.64109072  13.58468326  12.84915827  12.89932619  13.14944633
   13.22264705  12.61197943  11.66065914  13.4526813   13.71728521
   13.22601648  13.57071976]
 [ 13.37659193  12.98000345  13.37757396  13.04982378  13.12748925
   13.08905055  13.14289247  13.40969928  13.17494441  13.38591231
   13.43521349  13.55531842]
 [ 13.58280969  13.16706344  13.52856113  13.21239058  13.46380199
   13.07933461  13.47460075  13.15077559  13.15829845  13.10150949
   13.1893689   13.24478971]
 [ 13.32111497  13.13023203  13.39576698  13.20119113  13.19585827
   13.21104329  13.11108858  13.20597748  12.99419388  13.33563653
   12.82830012  13.35542782]
 [ 13.30319311  13.00082076  13.31102859  13.11708816  13.20349787
   13.28506995  13.15554256  13.29980395  13.05459074  13.21204726
   12.9618589   13.18314427]
 [ 13.30081812  13.02670343  13.30406278  13.12579283  13.18437279
   13.1304337   13.08684412  13.29000014  13.01056142  13.32317315
   12.89223635  13.37167551]
 [ 13.46750751  12.82350683  13.43259735  13.21704469  13.09894893
   13.20648611  13.15577735  13.21809308  12.94602337  13.314126
   12.85869257  13.39710062]
 [ 13.0058932   12.87999359  13.42285665  13.44113658  13.42110979
   13.24328721  13.19840355  13.15118008  12.9833926   13.44268927
   12.6160092   13.40661241]
 [ 12.88572114  12.97226741  13.65212964  14.07170969  12.64613855
   11.72205089  13.09720315  13.15921872  13.13025526  13.46574767
   13.12685758  13.69504676]]
Effective wind speeds: [[ 13.77491887  14.          13.51801568  13.39469061  13.52178242
   13.94585579  13.56977363  13.52963412  13.67013914  13.65331141  14.
   14.        ]
 [ 13.91261149  14.          13.71382288  14.          13.78548032  14.
   13.76026077  14.          13.84014267  14.          14.          14.        ]
 [ 13.90452822  14.          13.95673016  14.          13.83420848  14.
   13.93021952  14.          13.97456223  14.          13.99637916  14.        ]
 [ 13.99236623  14.          13.92237305  14.          13.99913768  14.
   13.95627987  14.          13.88276615  14.          13.62858253  14.        ]
 [ 14.          14.          13.99660847  14.          13.99407312  14.
   13.76584611  14.          13.99107792  14.          13.98139422  14.        ]
 [ 14.          14.          14.          13.99999047  13.07908503  14.
   13.99379203  14.          13.66642294  14.          13.87706112  14.        ]
 [ 14.          14.          12.7457859   12.58217688  14.          14.
   13.90209484  13.67121493  13.89525143  14.          12.98812268  14.        ]
 [ 14.          14.          12.39578753  12.46862764  13.56112021
   13.8049913   12.19893043  11.37430682  13.84184979  13.71466983
   13.69281273  13.50620279]
 [ 14.          14.          14.          14.          13.53494862
   13.428048    13.52070292  13.94590983  13.561557    13.54319086
   13.66310821  13.58253033]
 [ 14.          14.          14.          13.9947754   14.          13.71576668
   14.          13.84324516  14.          13.65406616  14.          13.84077785]
 [ 14.          13.90738627  14.          13.94459294  14.          13.83751392
   14.          13.93124474  14.          13.97594994  14.          13.99669889]
 [ 14.          13.92240852  14.          13.9727504   14.          13.99700962
   14.          13.95757871  14.          13.88877577  14.          13.65456709]
 [ 14.          13.99642371  14.          13.99399647  14.          13.77072826
   14.          13.99152572  14.          13.98284358  14.          14.        ]
 [ 14.          13.06229017  14.          13.84358458  14.          13.74082537
   14.          13.82060746  14.          13.88815674  14.          14.        ]
 [ 12.74424319  12.49728278  14.          13.91245187  14.          13.33831866
   14.          13.34836906  14.          14.          14.          14.        ]
 [ 12.30884995  12.33849359  13.92417129  13.9825696   12.29785145
   11.40172598  13.8609361   13.80670929  13.716259    13.52560626  14.
   14.        ]] m/s
Max SPL: 45.0288877295 dB
SPL: [[ 45.          45.00000003  44.70344952  44.65469469  41.17512336
   45.00000002  43.71238856]
 [ 45.00124232  45.0039664   44.57196816  44.52285453  40.98352222
   45.00354929  43.74035112]
 [ 45.00004547  45.00002322  44.55933579  44.43531106  40.84573129
   45.00002518  43.61225161]
 [ 44.99999999  44.99165428  44.56513229  44.46525999  40.83747205
   44.99999999  43.59580504]
 [ 44.99999999  44.97825144  44.54953357  44.37707545  40.83360333  45.
   43.59111684]
 [ 44.99999983  44.98419231  44.70265878  44.47468984  40.83314539
   44.99999993  43.58248525]
 [ 44.99999999  44.93204544  44.41899014  44.47850491  40.83814202
   44.99999998  43.57231479]
 [ 45.00026026  44.86472834  44.56828686  44.52674565  40.81513817
   45.00018196  43.4533574 ]
 [ 45.00000093  44.99744281  44.68872816  44.6353228   41.18376906
   45.00000186  43.71943864]
 [ 45.02003587  45.02888773  44.59321565  44.53089162  41.00696517
   45.01634832  43.77322732]
 [ 45.00037452  44.99362379  44.56088674  44.43625691  40.84806285
   45.00031774  43.61885519]
 [ 45.00020542  44.96397901  44.50596018  44.42862098  40.83507042
   45.0002603   43.60491746]
 [ 44.99999999  44.97107292  44.54347922  44.37289116  40.83388827  45.
   43.5941018 ]
 [ 45.0000262   44.96435775  44.68060521  44.44963397  40.8405616
   45.00002171  43.60866933]
 [ 44.99998141  44.91995522  44.38894476  44.45559892  40.84191062
   44.99999999  43.58995222]
 [ 44.98713897  44.88256716  44.5960108   44.54162222  40.82519624
   44.99999998  43.47135263]] dB
