
CONSTRAINT SATISFIED COMPLETELY
Wind Directions: [   0.    22.5   45.    67.5   90.   112.5  135.   157.5  180.   202.5
  225.   247.5  270.   292.5  315.   337.5] degrees
AEP: 258531509.652 kWh
X-locations (initial): [ 460.  850.  320.  750.  180.  630.  100.  540.  110.  470.  100.  440.] m
X-locations (final): [  517.21796782  1200.           346.32989482  1044.40714761   155.09511859
   904.35079913   255.58571823   825.41448011    68.34413615   681.9578321
     0.           425.84342766] m
Y-locations (initial): [  140.   320.   350.   500.   590.   770.   850.  1000.  1150.  1300.
  1430.  1570.] m
Y-locations (final): [    0.            90.88079135   199.97714256   331.4142435    476.26911074
   564.60199998   942.6975744   1004.31488687  1100.73937617  1233.9757809
  1400.62900325  1650.        ] m
RPM: [[ 16.04118375  16.1         15.85738854  16.1         16.03950235
   16.02900971  16.1         16.1         15.90279095  16.1         16.1
   16.1       ]
 [ 16.08421818  16.1         16.03442546  16.1         16.07117455  16.1
   16.09706344  16.1         16.09149473  16.1         16.1         16.1       ]
 [ 16.1         16.1         16.09920145  16.1         16.01286035  16.1
   16.00457995  16.1         16.1         16.1         16.09867508  16.1       ]
 [ 16.09485844  16.1         16.1         16.1         16.1         16.1
   16.09802455  16.1         16.08486288  16.1         15.89879763  16.1       ]
 [ 16.07902544  16.1         16.06042769  16.1         16.06571669  16.1
   15.81835601  16.1         15.98806037  16.1         16.1         16.1       ]
 [ 16.1         16.1         16.1         16.1         15.686525    16.1
   16.02436299  16.1         15.64526807  16.1         15.36267066  16.1       ]
 [ 16.1         16.1         12.99934236  15.12269634  15.11460951
   15.35442964  15.90471642  16.1         13.83443734  15.1536417
   15.43609929  16.09055078]
 [ 16.1         16.1         16.06139946  15.45009844  15.94663813
   14.95858085  16.08390491  14.85115697  15.35515659  14.41190136
   14.66262563  15.47989774]
 [ 16.1         16.1         16.1         16.1         16.1         16.1
   16.04409343  16.02893226  16.0663118   16.09829003  15.90265425
   15.85161017]
 [ 16.1         16.1         16.1         16.1         16.1         16.09984773
   16.07132827  16.08314221  16.1         16.03467682  16.1         16.09092795]
 [ 16.1         16.1         16.1         16.1         16.1         16.09913981
   16.1         16.01275514  16.1         16.00450902  16.1         16.09869108]
 [ 16.1         16.1         16.1         16.09486447  16.1         16.1
   16.1         16.1         16.1         16.08475234  16.1         15.89865195]
 [ 16.1         16.05512552  16.1         16.09796395  16.1         16.06578565
   16.1         15.79698024  16.1         16.1         16.1         16.1       ]
 [ 16.1         15.68646276  16.1         16.1         16.1         16.02392612
   15.6475225   15.36211753  16.1         16.09460222  16.1         16.1       ]
 [ 12.98517274  15.07581332  15.15430699  15.19106318  16.1         15.7563492
   13.83611358  15.15291776  16.1         16.09075482  16.1         16.1       ]
 [ 15.27882925  14.87717832  15.85010762  14.38712096  16.1         15.00563852
   15.79783684  15.15879171  14.75209622  16.01308952  16.1         16.1       ]]
Effective wind speeds: [[ 13.9488522   14.          13.78906054  14.          13.94735746
   13.93821839  14.          14.          13.82854738  14.          14.
   14.        ]
 [ 13.98626279  14.          13.94293947  14.          13.97495022  14.
   13.99743997  14.          13.99259576  14.          14.          14.        ]
 [ 13.99996216  14.          13.99930289  14.          13.92411715  14.
   13.91697879  14.          14.          14.          13.99884172  14.        ]
 [ 13.99552411  14.          14.          14.          14.          14.
   13.99828063  14.          13.98682782  14.          13.82491646  14.        ]
 [ 13.98174081  14.          13.96550455  14.          13.97016921  14.
   13.75516498  14.          13.90254761  14.          14.          14.        ]
 [ 14.          14.          14.          14.          13.64051816  14.
   13.93395434  14.          13.60635204  14.          13.35821223  14.        ]
 [ 14.          14.          11.30233729  13.15035099  13.14357593
   13.35174056  13.82988887  14.          12.02994195  13.17677685
   13.42274315  13.9920094 ]
 [ 14.          14.          13.96639845  13.43459056  13.86657754
   13.00731057  13.98600057  12.91418497  13.35242858  12.53213979
   12.75011349  13.4607792 ]
 [ 14.          14.          14.          14.          14.          14.
   13.95136043  13.93821839  13.97067263  13.99861784  13.82854738
   13.78400237]
 [ 14.          14.          14.          14.          14.          13.99987955
   13.97495022  13.9852514   14.          13.94319261  14.          13.99216569]
 [ 14.          14.          14.          13.99996216  14.          13.99930289
   14.          13.92411715  14.          13.91697879  14.          13.99884172]
 [ 14.          14.          14.          13.99552411  14.          14.
   14.          14.          14.          13.98671608  14.          13.82491646]
 [ 14.          13.96097009  14.          13.9982269   14.          13.97022195
   14.          13.73648311  14.          14.          14.          14.        ]
 [ 14.          13.64051816  14.          14.          14.          13.93395434
   13.60635204  13.35822944  14.          13.99529918  14.          14.        ]
 [ 11.29103695  13.10802219  13.18002223  13.21015038  14.          13.70127079
   12.03106381  13.17677685  14.          13.9920094   14.          14.        ]
 [ 13.28598526  12.9366155   13.78271447  12.51082234  14.          13.04840159
   13.73727179  13.18159856  12.8275515   13.92430339  14.          14.        ]] m/s
Max SPL: 48.9578530165 dB
SPL: [[ 48.8559497   47.84494929  47.13066249  47.57368457  44.36123762
   48.70708701  47.12454055]
 [ 48.43161678  47.94079511  47.15433361  47.59483927  44.49810604
   48.82149692  47.11885721]
 [ 48.95785302  47.94793686  47.15006701  47.57924605  44.29854653
   48.95162332  47.12258895]
 [ 48.92610099  47.94882907  47.1435169   47.90887903  44.29525464
   48.92287171  47.1245653 ]
 [ 48.92239617  47.93485965  47.11240143  47.57521994  44.27993317
   48.91749983  47.10181768]
 [ 48.89425918  47.87877696  47.12872537  47.43994179  44.15904585
   48.74793362  46.99067788]
 [ 48.39078414  47.27146149  46.55922263  46.98880809  43.52383654
   48.13663982  46.20922004]
 [ 48.51361289  47.4135629   46.43126979  46.89530114  43.73054282
   48.28406028  46.7434703 ]
 [ 48.86745024  47.84021135  47.10282909  47.53136736  44.35733871
   48.69529586  47.13534433]
 [ 48.43284161  47.93638154  47.14753975  47.58974471  44.49963277
   48.82109125  47.12291671]
 [ 48.95476396  47.9389558   47.14141884  47.57621704  44.3028193
   48.95629862  47.13101131]
 [ 48.92522858  47.94425705  47.13106268  47.90595673  44.30224302
   48.93943793  47.13115361]
 [ 48.91184583  47.92084851  47.10950814  47.5868389   44.29915299
   48.94339771  47.12475939]
 [ 48.79773616  47.80762801  47.10104696  47.50224766  44.22562434
   48.87661581  47.05120858]
 [ 48.10687728  47.23579006  46.74152059  47.18113965  43.71925461
   48.46420231  46.39565012]
 [ 48.09528788  47.42893271  46.68624325  47.22817836  43.84150753
   48.5050173   46.75136683]] dB
