
CONSTRAINT SATISFIED WITHIN LIMITS
Wind Directions: [   0.    22.5   45.    67.5   90.   112.5  135.   157.5  180.   202.5
  225.   247.5  270.   292.5  315.   337.5] degrees
AEP: 177894663.839 kWh
X-locations (initial): [ 460.  850.  320.  750.  180.  630.  100.  540.  110.  470.  100.  440.] m
X-locations (final): [ 488.29862505  889.28789038  373.7477969   746.71795686  302.04833954
  722.35829046  275.01962066  693.38935476  398.37107967  652.70810375
  366.54793148  593.36718263] m
Y-locations (initial): [  140.   320.   350.   500.   590.   770.   850.  1000.  1150.  1300.
  1430.  1570.] m
Y-locations (final): [   34.45706659   313.44258205   173.30269231   423.32349071   338.40625959
   857.70099457   577.11026667  1037.56812684   960.84144932  1347.21439635
  1327.5433455   1650.        ] m
RPM: [[ 12.81885804  11.0257566   12.66881232  12.54392513  12.61769104
   10.30639206  10.40541434  10.36855159  10.36562547  12.64767182
   11.33832453  12.7870453 ]
 [ 12.78173337  11.39750743  12.70569078  12.68604846  12.69522977
   10.68647728  11.11099756  11.37121626  11.19356583  10.66229051
   10.3117273   12.70846962]
 [ 12.62021396  10.31857049  12.65123125  12.62604052  12.65742768
   12.67076188  10.29603299  10.54106711  10.27656712  11.57677846
   10.19206881  12.68192637]
 [ 12.83924073  10.31069052  12.77369426  11.32001     12.75515645
   12.60778243  10.68443219  12.56785347  10.32057137  11.16489942
   10.33093477  11.50533343]
 [ 12.68380789  10.16531154  12.68904556  12.56413578  11.38650652
   12.59550295  11.36431363  11.1544401   10.36881607  11.15639454
   10.3057063   12.68322319]
 [ 12.89772988  10.32594837  12.85028347  11.20939902  12.81214082
   12.59612355  10.44789278  12.61774128  10.34694949  11.25436691
   10.3496247   11.53208604]
 [ 12.77642138  11.51691626  10.45582761  11.28359807  12.71571596
   11.54333955  11.61338375  12.62309785  10.38328961  12.64239112
   10.27389806  11.27459711]
 [ 12.80058854  11.12172276  12.63940096  11.66743224  10.4684751
   12.58990283  10.4405473   11.19358426  11.71649818  11.58170407
   10.51879372  12.72358993]
 [ 12.96528006  10.39935138  12.83366493  12.65878868  12.75370104
   10.37075704  10.58460146  11.17145021  10.41766731  12.64054281
   10.55489138  12.78179949]
 [ 12.74426059  12.54784024  12.75091055  11.19497109  12.78450656
   11.15116962  10.53658537  10.38091387  11.42642415  11.38378447
   10.60934457  12.73185065]
 [ 12.64188927  10.28227991  12.68010871  12.59606234  12.68364169
   12.64106552  10.34526416  10.3689813   10.31483968  12.67719079
   10.23803876  11.6236107 ]
 [ 12.78263219  10.37677634  12.68352897  12.64258696  12.64056666
   11.16291594  10.29526154  11.06569452  10.19754266  12.58792638
   10.16643335  12.60544089]
 [ 12.82441962  10.30760822  12.80076597  11.40926988  12.68316909
   12.6354026   10.60725313  12.62669622  10.34753285  11.13804456
   10.24765437  11.55975253]
 [ 12.87034673  10.36244474  12.8496635   11.33429358  12.78753436
   12.55509546  10.39287146  12.62595208  10.29796146  11.29031703
   10.31845973  11.51588983]
 [ 10.62842893  10.47001885  12.61756609  12.6509452   12.73559789
   12.53959084  11.51821524  12.44979431  10.30965877  12.50394396
   10.17381001  10.28908612]
 [ 12.64693544  11.14948138  11.40903188  12.64557297  10.65097819
   12.48461544  10.34365138  11.02698992  12.29816365  11.23293628
   10.45161112  12.69346525]]
Effective wind speeds: [[ 13.93801576  14.          13.32964402  13.28591715  13.23033265
   13.15296205  13.92535292  13.29222134  13.34340228  13.73876799  14.
   14.        ]
 [ 13.90445465  14.          13.600893    14.          13.88332138  14.
   13.33943028  14.          13.91630552  14.          13.87737843  14.        ]
 [ 13.92521494  14.          13.88241084  14.          13.89228716  14.
   13.58473528  14.          13.99514025  14.          13.87107438  14.        ]
 [ 13.99920747  14.          13.78454441  14.          13.93987056  14.
   13.98625607  14.          12.84810587  14.          13.95331317  14.        ]
 [ 14.          14.          14.          14.          13.35484449  14.
   14.          14.          13.96064055  14.          12.99626836  14.        ]
 [ 14.          14.          13.87913595  13.34579355  14.          14.
   13.222971    14.          13.01004236  14.          14.          14.        ]
 [ 14.          14.          11.62067524  12.84513504  13.50544607  14.
   14.          14.          13.98514177  14.          13.04541726  14.        ]
 [ 14.          14.          13.54751816  13.99886042  11.49676891
   13.56147903  12.57667005  12.60402981  13.99962965  13.82736886
   13.50941013  13.51846296]
 [ 14.          14.          14.          14.          13.9016904
   13.00072135  12.74567438  13.07005819  13.13975369  13.41008365
   13.15024728  13.71102053]
 [ 14.          14.          14.          13.90350387  14.          13.5839072
   14.          13.58671301  13.4996477   13.66642411  14.          13.91743113]
 [ 14.          13.87366083  14.          13.88090827  14.          13.89198021
   14.          13.60494493  14.          13.99640358  14.          13.9262017 ]
 [ 14.          13.63083286  14.          13.91923649  14.          13.99189217
   14.          13.33228107  14.          13.96351918  14.          14.        ]
 [ 14.          12.85112096  14.          13.98028789  14.          13.99323883
   14.          13.96902074  14.          13.19699922  14.          14.        ]
 [ 13.88024989  12.91618379  14.          13.64715086  14.          13.41418535
   14.          14.          14.          14.          14.          14.        ]
 [ 11.47950185  12.52603661  13.51716762  13.9995574   14.          13.89721698
   14.          13.46251663  14.          14.          14.          14.        ]
 [ 13.13273323  13.29583844  12.42708443  13.63169768  13.72458976
   13.06123023  14.          13.85165514  13.99758863  13.40844547  14.
   14.        ]] m/s
Max SPL: 43.000026327 dB
SPL: [[ 43.00001739  43.00001597  42.78946975  42.64686384  39.62346026
   43.00002633  42.24257323]
 [ 42.99990245  42.99991726  42.63806303  42.46868277  39.68173404
   42.9999494   42.27851156]
 [ 43.00000008  42.99971578  42.66223437  42.43051321  39.05703218
   43.00000009  42.12274708]
 [ 43.00000001  43.00000001  42.51329811  42.12996612  39.08124295
   43.00000001  42.18381594]
 [ 42.99991405  42.99994563  42.64421536  42.3977824   39.05981828
   42.99992881  42.1078275 ]
 [ 43.00000001  43.00000001  42.69014872  42.2962482   39.07780502  43.
   42.17353083]
 [ 43.00001206  43.00000881  42.51130058  42.35589887  39.03357862
   43.0000063   42.04644555]
 [ 42.99996176  42.99993805  42.73573348  42.55300936  39.02692067
   42.99989298  42.12744986]
 [ 43.00000393  43.00000509  42.77503599  42.59384623  39.56575064
   43.00000529  42.25302161]
 [ 43.00000028  43.00000027  42.68416466  42.52497031  39.69010893
   43.00000032  42.24148048]
 [ 43.00000035  43.00000019  42.58179018  42.32766596  39.05811303
   43.0000001   42.14018871]
 [ 43.00000207  43.00000272  42.7255183   42.32103568  39.07549888
   43.00000243  42.1296013 ]
 [ 43.0000046   43.00000355  42.50662186  42.23083026  39.07772098
   43.00000504  42.17731913]
 [ 43.00000053  43.0000005   42.68456209  42.29386267  39.07767584
   43.00000084  42.17334778]
 [ 42.96184712  43.00000001  42.36057798  42.17924647  39.04361855
   43.00000001  42.10863713]
 [ 42.99995354  42.99991939  42.71321482  42.53805658  39.00587293
   42.99985755  42.10696691]] dB
