
CONSTRAINT SATISFIED WITHIN LIMITS
Wind Directions: [   0.    22.5   45.    67.5   90.   112.5  135.   157.5  180.   202.5
  225.   247.5  270.   292.5  315.   337.5] degrees
AEP: 251843720.03 kWh
X-locations (initial): [ 460.  850.  320.  750.  180.  630.  100.  540.  110.  470.  100.  440.] m
X-locations (final): [  600.77739848  1025.66635296   454.42328358   865.14808323   385.22281571
   796.25081894   324.49247768   726.25264652   260.6236234    663.11271176
   194.55548864   594.98483657] m
Y-locations (initial): [  140.   320.   350.   500.   590.   770.   850.  1000.  1150.  1300.
  1430.  1570.] m
Y-locations (final): [    0.           257.72383376   123.87257006   369.88765512   451.21361571
   696.80921834   779.76384547  1014.06176697  1104.70586442  1340.49653054
  1426.88029613  1650.        ] m
RPM: [[ 14.33966955  14.45352878  14.77137781  14.52016321  14.63096457
   14.71411682  14.71518767  14.69837236  14.7847884   14.81851702
   15.26067909  15.29972698]
 [ 14.93643533  15.02557022  14.84311859  14.98434607  14.73451841
   14.73755161  14.6540837   14.87140486  14.43164729  14.81258833
   14.35458013  14.78717806]
 [ 14.55101491  14.32800283  14.74337237  14.46623904  14.75754085
   14.71189681  14.74496488  14.73644983  14.70580734  14.85693383
   14.65959765  14.88767979]
 [ 14.60338496  14.28266938  14.6373714   14.46835234  14.72810721
   14.73227497  14.67521034  14.8547069   14.72845368  14.95169614
   14.50744548  14.99455207]
 [ 14.67523464  14.30688675  14.76614266  14.42832329  14.55630072
   14.67380538  14.60709182  14.81301584  14.70183035  14.88329843
   14.64458413  14.95682188]
 [ 14.97953677  14.83114346  14.24099543  13.2983363   14.7648837
   15.07074054  14.83006232  14.98152957  14.68364869  14.94489721
   14.48377782  14.92678822]
 [ 14.81197831  14.83762919  12.82903499  13.73022107  15.08591577
   15.29307872  14.91681037  15.23495317  14.37437069  15.13566968
   14.58186691  15.06194672]
 [ 14.88386485  14.66925792  15.39834796  14.96880472  13.85504146
   14.18834054  14.40513624  13.77203666  14.8105912   14.7518979
   14.86556354  14.48850279]
 [ 14.6255991   14.31206532  14.84166422  14.48267175  14.74769361
   14.61089937  14.67817799  14.78152083  14.98369477  14.74998607
   15.24121101  14.91635708]
 [ 14.97854487  15.00998022  14.92609539  14.95506056  14.80388236
   14.65513866  14.74042472  14.80450234  14.47122312  14.73596733
   14.35593531  14.722621  ]
 [ 14.6422725   14.32329561  14.74568363  14.40997495  14.75739406
   14.70397462  14.74539324  14.73187719  14.7065725   14.85183177
   14.65692484  14.88568174]
 [ 14.75582568  14.30806407  14.80388126  14.46884376  14.82825956
   14.63501338  14.80813946  14.62601648  14.78171356  14.70117478
   14.72374555  14.50025577]
 [ 14.74041362  14.38569738  14.79616334  14.37407056  14.75457005
   14.49828236  14.74155309  14.70637143  14.70495237  14.70383039
   14.64376133  14.90611884]
 [ 14.30684078  13.4633003   14.91239221  14.88615106  14.91312689
   15.09569902  14.76676709  14.94749739  14.58198796  14.89861173
   14.41432638  14.87462205]
 [ 12.89582181  13.83037148  14.77028122  14.89059813  14.98526642
   15.11398251  14.86459592  15.03514781  14.66986316  14.97469561
   14.48184489  14.95125003]
 [ 14.09894561  14.41027671  14.8047754   14.91552687  14.67198375
   14.45939769  14.63147996  14.5216733   14.44558494  14.38409576
   15.25100365  15.46777834]]
Effective wind speeds: [[ 13.48734531  14.          13.84605029  13.84259544  13.69671436
   13.85671447  13.75830845  13.74474865  13.79551694  13.82749147  14.
   14.        ]
 [ 13.95352039  14.          13.90698342  14.          13.91227603  14.
   13.90474433  14.          13.93983707  14.          14.          14.        ]
 [ 13.90638738  14.          13.99518204  14.          13.99544108  14.
   13.9967116   14.          13.99633529  14.          13.99965157  14.        ]
 [ 13.91362327  14.          13.83584735  14.          13.85447448  14.
   13.76277316  14.          13.77921491  14.          13.56628236  14.        ]
 [ 14.          14.          14.          14.          13.77068535  14.
   13.79100165  14.          13.88000808  14.          13.83279424  14.        ]
 [ 14.          14.          13.0632437   12.28249249  13.82061476  14.
   13.99819934  14.          13.99240949  14.          13.99601828  14.        ]
 [ 14.          14.          11.66218512  12.65339286  14.          14.
   13.98587785  14.          13.55954443  14.          13.84676023  14.        ]
 [ 14.          14.          13.99497451  14.          12.61075157
   13.01331951  13.03154817  12.57950357  13.35355081  13.35614481
   13.25250033  12.9985783 ]
 [ 14.          14.          14.          14.          13.84705893
   13.8460822   13.69743135  13.85755228  13.75832033  13.58317139
   13.79559183  13.58563655]
 [ 14.          14.          14.          13.97111383  14.          13.9049643
   14.          13.92670523  14.          13.90576897  14.          13.91618708]
 [ 14.          13.99570432  14.          13.90524381  14.          13.99542983
   14.          13.99671002  14.          13.99636303  14.          13.99965567]
 [ 14.          13.87142011  14.          13.85940898  14.          13.85376499
   14.          13.76328789  14.          13.7808505   14.          13.57145176]
 [ 14.          14.          14.          13.76581728  14.          13.79020428
   14.          13.88068446  14.          13.83485912  14.          14.        ]
 [ 13.06557929  12.26886914  14.          13.99957178  14.          13.99822103
   14.          13.99256044  14.          13.99613848  14.          14.        ]
 [ 11.66703805  12.58127207  14.          13.86573397  14.          13.85714045
   14.          13.95777831  14.          14.          14.          14.        ]
 [ 12.56607155  12.71709348  13.22880605  13.22802298  13.48642404
   13.05867429  13.35878802  13.39473512  13.25683588  12.99856859  14.
   14.        ]] m/s
Max SPL: 47.0001477826 dB
SPL: [[ 46.99999977  46.7761504   46.48177399  46.55318101  43.04767667
   46.99999989  45.64115228]
 [ 47.          46.873245    46.3642854   46.34195482  42.80440245
   46.99999998  45.56607797]
 [ 46.99999972  46.77637419  46.35229657  46.3605621   42.7697169
   46.9999997   45.52018442]
 [ 46.99999999  46.78976824  46.37112007  46.3973795   42.75887203
   46.99999999  45.50315324]
 [ 47.          46.76917709  46.3422974   46.24306943  42.75156811  47.
   45.49340011]
 [ 47.00014778  46.78050933  46.40052481  46.36893465  42.75061803
   47.00006019  45.48749761]
 [ 47.00000022  46.86565816  46.32482112  46.43008805  42.74056364
   47.00000012  45.41626311]
 [ 46.99999996  46.49207255  46.08966247  46.16466551  42.60889459
   46.84024083  45.30201885]
 [ 47.00000006  46.74688729  46.41049759  46.4876293   43.04431196
   46.99962999  45.65877629]
 [ 47.00000004  46.85547258  46.33955281  46.32402509  42.80907804  47.
   45.57990843]
 [ 47.00000012  46.77324642  46.34991324  46.35885481  42.77067788
   47.00000002  45.52309515]
 [ 47.00000054  46.72094276  46.24674243  46.31622611  42.7525086
   47.00000024  45.52268083]
 [ 47.00000008  46.73690211  46.30209566  46.21299141  42.75212909
   47.00000008  45.50843145]
 [ 46.92056934  46.7711831   46.41678481  46.35104311  42.75993312  47.
   45.51527059]
 [ 46.86017401  46.78051002  46.26215955  46.38521697  42.73235395
   47.00000001  45.43128532]
 [ 46.94026118  46.61482572  46.34950211  46.44488986  42.73051813
   46.99999997  45.37520394]] dB
