
CONSTRAINT SATISFIED WITHIN LIMITS
Wind Directions: [   0.    22.5   45.    67.5   90.   112.5  135.   157.5  180.   202.5
  225.   247.5  270.   292.5  315.   337.5] degrees
AEP: 157184517.509 kWh
X-locations (initial): [ 460.  850.  320.  750.  180.  630.  100.  540.  110.  470.  100.  440.] m
X-locations (final): [ 461.24830724  845.78496084  360.71704582  698.48907308  232.37022646
  675.69369367  310.22190783  610.42802188  410.99458164  709.47478841
  532.44519335  781.74267047] m
Y-locations (initial): [  140.   320.   350.   500.   590.   770.   850.  1000.  1150.  1300.
  1430.  1570.] m
Y-locations (final): [   42.47104296   310.22796217   191.78257779   413.68780009   317.9865716
   836.427142     612.13923318  1004.22730077   923.36062334  1321.34062097
  1353.90643479  1650.        ] m
RPM: [[ 12.67837437  10.30809873  12.61084053  10.32288126  12.59885759
   10.27430536  10.2613465   10.32365736  10.21639476  10.30479061
   10.28807074  11.41377505]
 [ 12.66989823  10.20453306  12.66731356  11.06702514  11.74193826
   10.28901598  11.21765665  10.33429106  10.38372769  10.31527093
   10.60649192  10.54806762]
 [ 12.60096559  10.55567582  12.65205163  10.42108279  11.17000988
   11.05188558  10.25126077  10.28039331  10.19334757  10.29719335
   10.18349602  11.09833955]
 [ 12.71359333  10.21473801  12.69468328  10.32406729  11.69945129
   10.32597545  10.58377549  10.27482913  10.30622448  10.34181582
   10.37012244  11.3187416 ]
 [ 12.73611831  10.20905907  12.72904863  10.31818599  10.57768972
   10.2791203   11.27304899  11.0116453   10.31908961  10.22331894
   10.26773971  11.04009103]
 [ 12.75747959  10.20619159  12.7795383   10.27014154  11.69810603
   10.31020031  10.43788611  10.36932639  10.38165025  10.33472112
   10.38704185  11.3743998 ]
 [ 12.68871013  10.54498935  10.95714961  10.56733417  10.43988352
   11.17051291  11.76291456  11.17205888  10.50525665  10.34892277
   10.46518784  10.36703113]
 [ 12.86335017  10.34147158  10.80338129  10.77200185  12.68528291
   10.29360692  10.3573683   10.2765581   10.33116533  11.0915357
   10.28974537  11.18639184]
 [ 12.67158867  10.25064282  12.63555457  10.28090619  12.61287912
   10.25380844  10.27070443  10.31413195  10.23174083  10.31635022
   10.31461379  11.49103145]
 [ 12.81021825  10.3300564   12.78863127  10.44921587  12.72598468
   10.32549873  10.37472001  10.32524911  10.37291573  10.28601996
   10.34755722  11.11178665]
 [ 12.6164193   10.2994839   12.68355459  11.19291575  10.65587182
   10.3700648   10.32057279  10.33822405  10.27336844  11.15961424
   10.26275765  10.56649104]
 [ 12.72119485  10.25072112  12.70040391  10.34191613  11.66460669
   10.32381413  10.54734463  10.28212885  10.25702749  10.35192236
   10.40782422  11.33668673]
 [ 12.74126013  10.22819244  12.7180263   10.36602355  11.52677035
   10.34662558  10.5224361   10.35822169  10.33765454  10.32208632
   10.32850383  11.3777378 ]
 [ 12.80611641  10.29161375  12.71051448  10.3230674   11.65062671
   10.33755274  10.38543407  10.37412008  10.33249724  10.34362997
   10.3544624   11.40209448]
 [ 11.56208967  10.55786039  10.6678117   11.69172454  11.26039049
   11.21475024  11.81716036  10.49564031  10.36318939  10.37225104
   10.42281789  10.44759853]
 [ 11.12737081  10.04485091  11.30403817  12.5010575   12.70397305
   10.24117027  10.38479955  10.22981813  10.396821    10.3506701
   10.39072773  11.35055783]]
Effective wind speeds: [[ 13.81317624  13.90164386  13.6050514   13.16932237  13.86813707
   13.28241211  13.9899413   13.9687787   13.99940596  13.75115068  14.
   14.        ]
 [ 13.83495976  14.          13.60099499  14.          13.34080016  14.
   13.24307997  13.4087802   13.70317464  13.84207014  13.99916937  14.        ]
 [ 13.89884205  14.          13.89786408  14.          13.81734965  14.
   13.9097186   14.          13.90298702  14.          13.41907064  14.        ]
 [ 13.99856133  14.          13.85696172  14.          13.94390637  14.
   13.92356786  14.          12.66999318  14.          13.99330104  14.        ]
 [ 14.          14.          14.          13.99907339  13.35282586  14.
   14.          14.          13.93779374  14.          13.0200412   14.        ]
 [ 14.          14.          13.99329938  13.18637999  13.5508236   14.
   13.16594421  14.          13.20168001  14.          13.46750494  14.        ]
 [ 14.          14.          12.36236178  13.28207423  11.37067437  14.
   14.          13.7692005   13.9972436   14.          14.          14.        ]
 [ 14.          14.          12.98726084  14.          13.91027574
   13.50693286  13.78642357  12.3754198   13.93233885  14.          13.48787456
   14.        ]
 [ 14.          14.          14.          14.          14.          13.38416148
   13.5600395   13.88160108  13.37578931  13.14837314  13.79347182
   13.74732402]
 [ 14.          14.          14.          13.75907547  14.          13.3003695
   13.30635823  13.85452028  13.23417522  13.318828    13.76668082
   13.45155744]
 [ 14.          13.83933678  14.          13.82972936  14.          13.83291335
   14.          13.88352105  14.          13.93980634  14.          13.52706019]
 [ 14.          13.75606665  14.          13.90047165  14.          13.91913181
   14.          12.67619935  14.          13.99318619  14.          14.        ]
 [ 14.          13.11085359  14.          13.996139    14.          13.93928946
   14.          13.98545805  14.          12.99263179  14.          14.        ]
 [ 13.99292695  13.0231582   13.64697196  13.27760932  14.          13.19703787
   14.          14.          14.          13.46477596  14.          14.        ]
 [ 12.20731799  13.06148242  12.26878723  14.          14.          13.80381005
   14.          14.          14.          14.          14.          14.        ]
 [ 13.24954531  13.25101149  13.8875337   13.93837168  14.          12.47081626
   14.          13.67057663  14.          14.          14.          14.        ]] m/s
Max SPL: 42.0037875706 dB
SPL: [[ 42.00002055  42.00003177  41.83186154  41.21166803  38.58163929
   42.00002437  41.64916722]
 [ 42.00004787  42.00004137  41.67351672  41.13570964  38.49213958
   42.00009608  41.54132786]
 [ 42.00076838  42.00057088  41.7237651   41.05314169  38.08683636
   42.00042409  41.31701279]
 [ 42.00005083  42.00004355  41.80358419  40.96676298  38.17305248
   42.00004234  41.42603542]
 [ 41.99999453  42.00000182  41.73215695  41.09454585  38.14881833
   41.99999565  41.36769859]
 [ 42.00019731  42.00014755  41.90790685  41.19187131  38.16857551
   42.00016854  41.41587655]
 [ 41.99982042  41.99988822  41.50985004  41.11052156  38.10186865
   41.99986363  41.23949796]
 [ 42.00378757  42.0026142   41.84916003  41.22981425  38.1580636
   42.00225894  41.38056156]
 [ 41.99999026  41.99999351  41.8414278   41.21717237  38.57995947
   41.99999344  41.65086964]
 [ 42.00109347  42.00086051  41.76495491  41.17734444  38.57787928
   42.00066912  41.59298369]
 [ 42.00049533  42.00035689  41.66509137  41.03456482  38.0745087
   42.00024873  41.28656877]
 [ 42.00086171  42.00151301  41.81125948  40.97429543  38.17371647
   42.00162224  41.42439793]
 [ 42.00014732  42.0002005   41.80133086  41.13955995  38.16628879
   42.00015912  41.41119207]
 [ 42.00000788  42.00001456  41.91265216  41.19586948  38.16718595
   42.00001214  41.41194148]
 [ 42.00105934  42.00130882  41.50206204  41.09480067  38.10198692
   42.0015961   41.2565583 ]
 [ 42.00032896  42.00030939  41.83505111  41.21698131  38.14183503
   42.00025789  41.35503961]] dB
