
CONSTRAINT EXCEEDED!
Wind Directions: [   0.    22.5   45.    67.5   90.   112.5  135.   157.5  180.   202.5
  225.   247.5  270.   292.5  315.   337.5] degrees
AEP: 29037.0398538 kWh
X-locations (initial): [ 1550.  1900.  2300.  2200.  2400.  2300.  2300.  2300.   220.   350.
   350.   100.   900.   900.   800.  1100.  1300.] m
X-locations (final): [ 1734.          2121.          2537.99998895  2538.          2537.99999943
  2537.99687815  2360.99518284  2360.98203668   570.             0.
    44.91155372   323.96960209   999.99746564   999.9971429   1000.
  1409.79487795  1409.99990113] m
Y-locations (initial): [ 4020.  4100.  3900.  3700.  3700.  3400.  3200.  3100.  1100.  1000.
   800.   600.  1000.   900.   600.   300.   200.] m
Y-locations (final): [  4.39300000e+03   4.39300000e+03   3.35300751e+03   3.41357434e+03
   3.35300000e+03   3.35300000e+03   3.02300297e+03   3.02301612e+03
   1.41000000e+03   1.41000000e+03   1.41000000e+03   4.00000000e+02
   1.20999943e+03   1.20999660e+03   8.10000000e+02   4.27912720e-02
   0.00000000e+00] m
RPM: [[  1.15232446e-02   1.68566035e-04   1.66892288e-02   6.26861180e-01
    9.61092437e-03   1.20358856e-02   7.02605100e-03   2.34747394e-01
    8.26532325e-03   9.71637281e-03   3.36178012e-03   1.51077619e-05
    4.11516821e-01   8.88787286e-03   6.42497103e-05   2.46101570e-01
    6.74973823e-03]
 [  1.51376910e-03   1.04023576e-03   5.43454371e-01   8.86573707e-02
    7.54851363e-04   1.09258261e-02   9.44532935e-05   2.35085218e-01
    4.20581716e-05   6.95308007e-03   1.87643160e-02   1.39895604e-04
    2.54290994e-01   1.74629219e-03   3.96485586e-03   4.57685463e-03
    2.52815460e-01]
 [  4.10369782e-02   1.63756725e-02   5.12411006e-01   3.19907687e-03
    1.28045295e-03   6.90882096e-04   2.08941378e-03   2.55750855e-01
    1.97986946e-03   3.33137242e-03   6.85795393e-02   3.87219979e-04
    2.50230590e-01   4.29833645e-03   2.29914955e-02   1.24428799e-04
    2.36956317e-01]
 [  1.16037134e-02   4.11936874e-04   5.05782107e-01   9.42411588e-03
    3.33663784e-03   7.30435321e-03   2.45994069e-01   1.14719440e-03
    4.51499834e-03   1.65666132e-04   1.59342895e-01   3.60294829e-04
    2.52273317e-01   3.38380700e-05   5.01673591e-03   3.38929817e-03
    2.55332843e-01]
 [  5.13994957e-02   1.23978945e-01   4.96560639e-04   1.68035417e-03
    5.11143676e-01   1.30869697e-03   2.50735473e-01   8.03922265e-03
    5.01671309e-02   3.02490663e-03   3.23814579e-01   1.55313458e-02
    2.50679732e-01   2.84271211e-03   1.35201360e-03   3.82431420e-04
    2.47524867e-01]
 [  2.25779118e-04   1.56642510e-02   1.34231539e-02   1.51997513e-03
    5.01773710e-01   6.05490093e-05   2.45256525e-01   6.97866513e-04
    2.60147930e-04   1.85952449e-04   1.00532716e-01   1.86897236e-03
    9.56284284e-03   3.16675478e-01   2.28057372e-04   1.25319029e-04
    2.68637481e-01]
 [  6.43696156e-03   1.30949719e-03   9.06074998e-03   2.05039001e-02
    5.28975818e-01   1.79123739e-02   2.52339741e-01   3.40344720e-04
    9.87787433e-03   2.49775214e-03   6.74107092e-03   2.21219160e-03
    1.61095391e-04   2.50364299e-01   5.29113874e-05   5.73960204e-05
    2.55335994e-01]
 [  4.94690447e-03   1.28167149e-03   4.91167367e-03   3.43861314e-04
    7.11539280e-01   3.61846572e-03   2.53264618e-01   7.13151007e-04
    1.32078041e-02   9.44032117e-03   7.25931395e-03   7.55033920e-04
    9.34114328e-03   2.52091610e-01   3.98537332e-04   1.05327416e-02
    2.57362515e-01]
 [  6.43111882e-04   5.67614607e-04   2.16568594e-03   9.01239294e-03
    7.62290558e-01   1.15347842e-01   2.58231578e-01   1.20980140e-02
    4.70469109e-03   7.15770890e-03   1.88530362e-03   6.99942015e-04
    1.55378771e-02   2.53749830e-01   3.54821550e-02   2.88751794e-03
    2.35713872e-01]
 [  2.39207731e-05   8.20766364e-05   2.91888854e-03   5.13740423e-03
    2.18944116e-02   5.51142314e-01   3.34556016e-01   1.12905073e-03
    1.40719010e-02   2.88680501e-02   2.88694597e-03   3.01500785e-03
    5.17588367e-04   2.51729822e-01   2.39633441e-05   2.55872964e-01
    2.16156045e-03]
 [  2.28195628e-04   4.61235614e-03   6.40890881e-03   2.10962941e-03
    1.88453409e-05   5.09385534e-01   2.46470283e-01   3.43936881e-03
    6.56554303e-03   6.79619006e-02   2.80218227e-03   9.40691596e-03
    3.95845295e-03   2.51417907e-01   1.16731600e-03   2.49546568e-01
    5.37123884e-04]
 [  2.06768422e-04   8.74437919e-05   4.02536837e-03   6.92399233e-03
    6.93290453e-03   5.08451531e-01   2.82554158e-03   2.45117829e-01
    1.42412269e-02   1.71371458e-01   7.84864111e-03   5.13274682e-04
    2.05659932e-03   2.56648610e-01   1.85536924e-02   2.59098730e-01
    1.06928802e-02]
 [  4.76020627e-02   1.16887748e-02   2.03173518e-02   2.23919005e-03
    1.02417434e-04   5.07645034e-01   2.87067523e-03   2.48151705e-01
    6.64848171e-05   1.94048433e-01   2.21052706e-05   2.15785604e-04
    2.33868624e-03   2.46283901e-01   1.59126530e-03   2.46469348e-01
    1.99187158e-03]
 [  2.08631410e-02   2.21419820e-04   5.24716163e-01   1.45934368e-04
    2.45840476e-03   1.13067091e-02   1.19740531e-02   2.53001391e-01
    5.23325358e-02   8.90751307e-02   3.54947699e-04   2.96035503e-03
    2.49668371e-01   2.15827768e-03   1.23458959e-04   2.55619812e-01
    6.98893267e-03]
 [  3.82491078e-05   6.44467396e-03   5.08526456e-01   1.55447877e-02
    4.33340337e-03   1.91167452e-04   4.04289149e-05   2.45914857e-01
    1.78406307e-03   1.88990179e-02   3.94022586e-03   8.31096668e-05
    2.49059363e-01   8.40405595e-03   2.36040329e-05   2.39039489e-01
    1.05622899e-03]
 [  6.98189959e-03   1.25321240e-02   5.02262791e-01   1.45671440e-01
    1.76870420e-04   3.79878039e-03   5.11391426e-03   2.50391663e-01
    1.60878884e-03   1.40270817e-03   7.87899248e-05   1.09428878e-03
    2.47944633e-01   2.74557625e-03   6.88135794e-05   2.53769695e-01
    8.64381856e-06]]
Effective wind speeds: [[ 15.          15.          14.99491526  15.          14.9949119
   14.99491257  14.99783974  15.          15.          15.          15.
   15.          15.          14.99618714  14.99886323  15.          14.99774996]
 [ 15.          15.          14.99983276  15.          14.99493838
   14.99493786  14.99775049  14.99938352  14.99999989  14.999988    15.
   14.99999999  15.          14.99765721  15.          14.99765383
   14.99999962]
 [ 15.          15.          14.99999997  15.          14.99523595
   14.99523557  14.99764513  15.          14.99992728  14.99983879  15.
   14.99999939  15.          14.99769503  15.          14.99780474  15.        ]
 [ 15.          15.          15.          15.          14.99529898
   14.99529869  15.          14.99773287  15.          14.99897341  15.
   15.          15.          14.9976761   15.          14.99763784  15.        ]
 [ 14.99964645  15.          14.99524576  15.          15.          14.99524704
   15.          14.99768912  15.          14.99728267  14.99990687  15.
   15.          14.99769094  15.          14.99771688  15.        ]
 [ 15.          15.          14.9953346   15.          15.          14.99533595
   15.          14.99774055  14.9993532   14.99966751  15.          14.99996444
   14.99707558  15.          15.          14.99752751  15.        ]
 [ 14.99999996  15.          14.9950744   14.99968009  15.          14.99507843
   15.          14.99767531  15.          14.99993662  14.99993629  15.
   14.99769345  15.          15.          14.99765738  15.        ]
 [ 14.99998137  14.99954665  14.99333433  14.99667354  15.          14.99333575
   15.          14.9976673   15.          14.99999987  15.          15.
   14.99767747  14.9999958   14.99999613  14.99764347  15.        ]
 [ 14.99999995  15.          14.99276853  14.99371844  15.          14.99284712
   15.          14.99762164  15.          15.          15.          15.
   14.99766013  14.99990331  15.          14.99784573  15.        ]
 [ 14.99999893  14.9999995   14.99485162  14.99864725  14.99485496
   14.99964808  15.          14.9969107   15.          15.          14.99998153
   15.          14.99768101  15.          15.          15.          14.99762519]
 [ 15.          15.          14.99526423  14.99999578  14.99526332
   14.99999909  14.99999997  14.99773133  15.          15.          14.99984025
   15.          14.99768399  14.99999998  15.          15.          14.99768706]
 [ 15.          15.          14.99527309  15.          14.99527233  15.
   14.99774101  15.          15.          15.          14.99889545  15.
   14.99763543  15.          15.          15.          14.99760268]
 [ 15.          14.99986462  14.99528144  15.          14.99527652  15.
   14.99771315  15.          14.99968045  15.          14.99837988  15.
   14.99773178  15.          15.          15.          14.99772671]
 [ 15.          15.          15.          15.          14.99511613
   14.99511701  14.99766856  15.          15.          15.          14.99970552
   15.          14.99989415  14.99769743  15.          14.99999961
   14.99764842]
 [ 15.          15.          14.99999077  15.          14.99527093
   14.99527055  14.99773501  15.          15.          15.          14.99998807
   15.          15.          14.99770558  15.          14.99999526
   14.99780816]
 [ 15.          15.          14.99933258  14.99999183  14.99528288
   14.99528255  14.997694    14.99999949  15.          15.          14.99999997
   14.99999998  15.          14.99771601  15.          14.99999596
   14.99767666]] m/s
Max SPL: 43.0936099115 dB
SPL: [[ 38.6947194   40.61934301  41.44691737  41.26427366  37.65085957
   37.27259372  42.57959159  40.30072479  40.25482061  43.08344098
   41.50183891  41.56841632]
 [ 37.09416911  40.84491435  41.44250985  41.26121162  37.6449565
   37.26687495  42.55130728  40.27658417  40.28114624  43.09135459
   41.54035     41.53377361]
 [ 37.09668581  41.14011721  41.37914302  41.26357922  37.6539834
   37.2790775   42.60068254  40.26072004  40.36579613  43.09360682
   41.56440528  41.50497177]
 [ 37.10320213  40.88525015  41.39793641  41.23889933  37.65678546
   37.28069276  42.59273833  40.26309833  40.37269718  43.08913016
   41.54195255  41.54836904]
 [ 37.12466719  40.97069625  41.17763317  41.02026213  37.85577993
   37.57093959  42.5335243   40.63865729  40.85225012  43.08067637
   41.50559489  41.5228107 ]
 [ 37.3066754   40.89124383  41.63761438  41.32529645  37.91263441
   37.86289967  42.58507337  40.27005466  40.38762458  43.08906808
   41.42171343  41.68499314]
 [ 37.10231027  40.87972292  41.44601542  41.26282837  37.64528658
   37.31378859  42.54824718  40.84972564  40.38553283  42.01087597
   41.53774993  41.53756439]
 [ 37.0948316   40.8450728   41.44707296  41.26424668  37.65608439
   37.27977716  42.5812249   40.30040152  40.37521455  42.99190114
   41.54006198  41.53758612]
 [ 38.6946482   40.61927957  41.44662325  41.26397708  37.65068315
   37.27242993  42.57975355  40.30076534  40.25485773  43.0835333
   41.50218777  41.56865276]
 [ 37.09412129  40.84488668  41.44239405  41.26109379  37.64487751
   37.26680001  42.5513055   40.27658178  40.28114388  43.09135318
   41.54034776  41.53377139]
 [ 37.09667109  41.14009664  41.37913639  41.26357182  37.65397844
   37.27907296  42.60068909  40.26072745  40.36580043  43.09360991
   41.56440746  41.50497121]
 [ 37.10320074  40.88524831  41.39793571  41.23889858  37.65678447
   37.28069173  42.59273118  40.26310032  40.37269781  43.08912909
   41.5419531   41.54836763]
 [ 37.1247567   40.97087681  41.17755239  41.02020259  37.85578184
   37.57094108  42.53344961  40.63899867  40.85254389  43.08064984
   41.50557096  41.52279378]
 [ 37.3066962   40.89125162  41.63761246  41.32529775  37.91267818
   37.86291896  42.58515001  40.27012272  40.38767263  43.08911049
   41.42173513  41.68500371]
 [ 37.10232594  40.87973084  41.44604361  41.26285746  37.64531713
   37.31381837  42.548256    40.84975767  40.38554228  42.01088232
   41.53775442  41.53756775]
 [ 37.09502311  40.84520323  41.44746695  41.26462945  37.6563538
   37.28003796  42.58123481  40.30041349  40.37522492  42.99190829
   41.54007322  41.53759726]] dB
