
CONSTRAINT EXCEEDED!
Wind Directions: [   0.    22.5   45.    67.5   90.   112.5  135.   157.5  180.   202.5
  225.   247.5  270.   292.5  315.   337.5] degrees
AEP: 5980.53529242 kWh
X-locations (initial): [ 1550.  1900.  2300.  2200.  2400.  2300.  2300.  2300.   220.   350.
   350.   100.   900.   900.   800.  1100.  1300.] m
X-locations (final): [ 1734.          2121.          2538.          2350.          2538.          2444.
  2361.          2361.             0.            94.           526.55082767
   324.91106516  1000.          1000.          1000.          1316.          1410.        ] m
Y-locations (initial): [ 4020.  4100.  3900.  3700.  3700.  3400.  3200.  3100.  1100.  1000.
   800.   600.  1000.   900.   600.   300.   200.] m
Y-locations (final): [ 4053.48197858  4393.          3447.          3353.          3353.          3353.
  3117.          3023.          1410.          1410.          1410.           400.
  1210.          1116.           810.             0.             0.        ] m
RPM: [[  0.00000000e+00   0.00000000e+00   1.76934561e-01   6.65677429e-02
    0.00000000e+00   0.00000000e+00   1.75759975e-01   0.00000000e+00
    0.00000000e+00   0.00000000e+00   0.00000000e+00   0.00000000e+00
    3.91273137e-01   0.00000000e+00   0.00000000e+00   0.00000000e+00
    0.00000000e+00]
 [  6.37393871e-04   4.20047311e-05   7.10773329e-02   0.00000000e+00
    0.00000000e+00   5.29542087e-02   0.00000000e+00   0.00000000e+00
    0.00000000e+00   0.00000000e+00   0.00000000e+00   0.00000000e+00
    8.10480364e-03   0.00000000e+00   0.00000000e+00   0.00000000e+00
    0.00000000e+00]
 [  0.00000000e+00   4.86752047e-02   1.95900159e-01   0.00000000e+00
    2.22376054e-03   0.00000000e+00   0.00000000e+00   0.00000000e+00
    0.00000000e+00   0.00000000e+00   0.00000000e+00   0.00000000e+00
    0.00000000e+00   3.14662122e-02   0.00000000e+00   0.00000000e+00
    0.00000000e+00]
 [  0.00000000e+00   0.00000000e+00   8.51204326e-02   0.00000000e+00
    5.37400373e-02   0.00000000e+00   0.00000000e+00   0.00000000e+00
    0.00000000e+00   4.21122743e-02   0.00000000e+00   0.00000000e+00
    0.00000000e+00   0.00000000e+00   0.00000000e+00   0.00000000e+00
    4.83015493e-02]
 [  0.00000000e+00   0.00000000e+00   0.00000000e+00   0.00000000e+00
    4.15775999e-01   0.00000000e+00   0.00000000e+00   0.00000000e+00
    0.00000000e+00   2.74606852e-01   6.70565336e-02   0.00000000e+00
    0.00000000e+00   0.00000000e+00   0.00000000e+00   0.00000000e+00
    2.01931276e-01]
 [  0.00000000e+00   0.00000000e+00   0.00000000e+00   0.00000000e+00
    8.33995725e-03   7.38004343e-03   0.00000000e+00   0.00000000e+00
    0.00000000e+00   7.16540695e-03   0.00000000e+00   0.00000000e+00
    5.64776307e-02   2.43709146e-04   0.00000000e+00   6.02910896e-02
    8.28739141e-03]
 [  0.00000000e+00   0.00000000e+00   0.00000000e+00   0.00000000e+00
    0.00000000e+00   8.38894043e-02   0.00000000e+00   0.00000000e+00
    0.00000000e+00   0.00000000e+00   0.00000000e+00   0.00000000e+00
    0.00000000e+00   0.00000000e+00   2.35206052e-04   0.00000000e+00
    1.05354408e-02]
 [  0.00000000e+00   0.00000000e+00   0.00000000e+00   0.00000000e+00
    9.68412350e-02   0.00000000e+00   0.00000000e+00   4.82297051e-02
    0.00000000e+00   0.00000000e+00   0.00000000e+00   1.28955628e-04
    0.00000000e+00   3.85843231e-02   0.00000000e+00   5.02251680e-02
    1.12111976e-02]
 [  0.00000000e+00   0.00000000e+00   0.00000000e+00   0.00000000e+00
    2.16816582e-01   0.00000000e+00   0.00000000e+00   3.13983531e-01
    0.00000000e+00   0.00000000e+00   0.00000000e+00   0.00000000e+00
    0.00000000e+00   1.64704147e-01   6.07126949e-02   0.00000000e+00
    0.00000000e+00]
 [  0.00000000e+00   0.00000000e+00   0.00000000e+00   0.00000000e+00
    0.00000000e+00   0.00000000e+00   8.70946971e-02   1.14047251e-01
    0.00000000e+00   0.00000000e+00   1.32263091e-03   6.00496207e-04
    0.00000000e+00   5.94409412e-03   0.00000000e+00   0.00000000e+00
    0.00000000e+00]
 [  1.67598894e-02   0.00000000e+00   0.00000000e+00   0.00000000e+00
    0.00000000e+00   1.56159422e-01   0.00000000e+00   0.00000000e+00
    0.00000000e+00   0.00000000e+00   8.14170268e-03   3.81045305e-03
    0.00000000e+00   0.00000000e+00   0.00000000e+00   0.00000000e+00
    0.00000000e+00]
 [  0.00000000e+00   0.00000000e+00   0.00000000e+00   9.72140879e-02
    0.00000000e+00   3.55461576e-02   0.00000000e+00   0.00000000e+00
    4.53502377e-02   0.00000000e+00   0.00000000e+00   0.00000000e+00
    0.00000000e+00   0.00000000e+00   0.00000000e+00   3.95425102e-02
    0.00000000e+00]
 [  0.00000000e+00   0.00000000e+00   0.00000000e+00   2.88958576e-01
    0.00000000e+00   0.00000000e+00   0.00000000e+00   0.00000000e+00
    1.77928862e-01   0.00000000e+00   0.00000000e+00   0.00000000e+00
    0.00000000e+00   0.00000000e+00   0.00000000e+00   1.89944636e-01
    0.00000000e+00]
 [  0.00000000e+00   0.00000000e+00   0.00000000e+00   6.51522613e-03
    0.00000000e+00   5.76161878e-03   0.00000000e+00   0.00000000e+00
    6.71341888e-03   3.49073379e-04   4.82103384e-02   5.54340635e-03
    0.00000000e+00   0.00000000e+00   0.00000000e+00   5.36810068e-03
    0.00000000e+00]
 [  5.67964641e-03   0.00000000e+00   0.00000000e+00   0.00000000e+00
    0.00000000e+00   0.00000000e+00   0.00000000e+00   0.00000000e+00
    1.00890396e-02   0.00000000e+00   3.34728547e-04   0.00000000e+00
    0.00000000e+00   0.00000000e+00   0.00000000e+00   0.00000000e+00
    0.00000000e+00]
 [  0.00000000e+00   5.67317726e-03   3.94592849e-02   0.00000000e+00
    0.00000000e+00   0.00000000e+00   3.96009983e-02   0.00000000e+00
    1.57845312e-03   0.00000000e+00   0.00000000e+00   0.00000000e+00
    4.96373961e-02   6.02461442e-03   1.15592279e-02   0.00000000e+00
    0.00000000e+00]]
Effective wind speeds: [[ 15.          15.          15.          15.          14.99872342  15.
   14.99979833  14.99872219  15.          15.          15.          15.
   15.          14.99715531  14.99892017  15.          15.        ]
 [ 15.          15.          15.          15.          14.99998169
   14.99998966  14.99984722  14.99983877  15.          15.          14.99999999
   14.99999998  15.          14.99999792  15.          14.99999987  15.        ]
 [ 14.99994844  15.          15.          14.99999998  15.          14.9987479
   14.9999998   15.          15.          15.          14.9999745
   14.99998725  15.          15.          15.          15.          15.        ]
 [ 15.          15.          15.          14.99978021  15.          14.99991296
   15.          15.          14.99993182  15.          15.          15.
   15.          15.          15.          14.99992178  15.        ]
 [ 15.          15.          15.          14.99773986  15.          14.9969745
   15.          15.          14.99800794  14.99983517  15.          15.
   15.          15.          15.          14.99854178  15.        ]
 [ 15.          15.          15.          14.9999981   15.          14.99999786
   15.          15.          14.99999816  15.          14.99989082
   14.99996077  15.          15.          15.          14.99999787  15.        ]
 [ 14.99993906  15.          15.          15.          15.          15.
   15.          15.          14.99999741  14.99999867  15.          15.
   15.          15.          15.          15.          15.        ]
 [ 15.          14.99993965  14.99984291  15.          15.          15.
   14.9999219   15.          15.          15.          15.          15.
   14.99993754  14.99999642  14.99995512  15.          15.        ]
 [ 15.          15.          14.99843346  14.99925084  15.          15.
   14.99772354  15.          15.          15.          15.          15.
   14.99880067  14.9997761   15.          15.          15.        ]
 [ 14.99999998  14.99999999  14.99972545  15.          14.99988095
   14.99977996  14.99997058  15.          15.          15.          15.
   15.          14.99999847  15.          15.          15.          15.        ]
 [ 15.          14.99998227  14.99900331  14.9999999   14.99999893
   14.99999886  14.99999971  14.99999997  15.          15.          15.
   15.          14.99999999  14.99999846  15.          15.          15.        ]
 [ 15.          15.          14.99974887  15.          14.99994246
   14.99984231  15.          15.          15.          14.99992657  15.
   15.          15.          15.          15.          15.          14.99993599]
 [ 15.          15.          15.          15.          14.99843635
   14.99790685  15.          15.          15.          14.9987162
   14.99966958  15.          15.          15.          15.          15.
   14.99862892]
 [ 15.          15.          15.          15.          14.99999852
   14.99999833  15.          15.          15.          14.99999827  15.
   15.          14.99990683  15.          15.          14.9999964
   14.99999843]
 [ 15.          15.          15.          14.99999916  14.99999992
   14.99999589  15.          15.          15.          15.          15.
   15.          15.          15.          15.          14.99999873
   14.99999752]
 [ 15.          15.          14.99999715  15.          14.99993602
   14.99999995  15.          14.99993589  15.          15.          15.
   14.99999997  15.          14.99991962  15.          14.99998969
   14.99999791]] m/s
Max SPL: 43.2332449017 dB
SPL: [[ 37.58344672  39.36332866  41.95942063  42.15198152  38.83446769
   38.27373555  42.76300246  40.34327029  40.28469291  43.17378264
   41.7138104   41.7577358 ]
 [ 36.53283595  38.68178887  42.10579296  42.20071835  38.8208448
   38.35131834  42.73761374  40.31981976  40.32177923  43.18180206
   41.75094655  41.72494168]
 [ 36.60823046  38.77503601  42.10593248  42.21042822  38.83862505
   38.28142592  43.00997254  40.3039284   40.3944495   43.18343807
   41.80773252  41.69827318]
 [ 36.55765096  38.67068096  42.24301741  42.31296552  38.84036882
   38.2825854   42.77421396  40.30746191  40.40131295  43.1907577
   41.86526594  41.70761869]
 [ 36.6036875   38.77066506  41.8839072   42.03339492  38.92688204
   38.44702308  42.76151543  40.72769903  40.84591573  43.2332449
   41.71560165  41.6882624 ]
 [ 36.75333029  38.71066879  42.22376137  42.26065845  39.04133055
   38.39087155  42.77350366  40.30727407  40.40102733  43.17997967
   41.63665715  42.07481302]
 [ 36.5595362   38.69134946  42.11386149  42.22645992  38.81572714
   38.28350176  42.75041664  40.74590984  40.4080287   42.11014143
   41.74809081  41.72797171]
 [ 36.55834232  38.6893537   42.11119775  42.22392046  38.83858032
   38.28045234  42.68753359  40.32992918  40.40341682  43.0843348
   41.75039011  41.72828084]
 [ 37.58340593  39.36329137  41.95930669  42.15187207  38.83439053
   38.27366251  42.76321437  40.34330562  40.28473207  43.1738892
   41.71418898  41.75799833]
 [ 36.53282712  38.68178034  42.10576285  42.20069007  38.8208408
   38.35132076  42.73761428  40.3198202   40.32177958  43.18180237
   41.75094708  41.7249423 ]
 [ 36.60824185  38.77510479  42.10591272  42.2104214   38.83865636
   38.28145577  43.00997458  40.30393336  40.39445794  43.18344601
   41.80773395  41.69827354]
 [ 36.5576455   38.67067642  42.24300429  42.31296702  38.84036876
   38.28258488  42.77421257  40.30746223  40.40131295  43.19075733
   41.86526757  41.70761922]
 [ 36.60373236  38.77066583  41.88397108  42.03347068  38.92696816
   38.44710055  42.76143831  40.7279434   40.84616764  43.23322574
   41.71562829  41.68828531]
 [ 36.7533304   38.71066875  42.22375839  42.26065739  39.04133837
   38.39087567  42.77350532  40.30728831  40.4010496   43.17999954
   41.63664854  42.07479452]
 [ 36.55955165  38.69137242  42.11386589  42.22646794  38.8157346
   38.28350714  42.75041653  40.74590858  40.40802858  42.11014116
   41.74809     41.72797017]
 [ 36.55835158  38.68936511  42.11121723  42.2239366   38.83858288
   38.28045471  42.68754096  40.32993078  40.40341731  43.08433648
   41.75039601  41.72827618]] dB
