
CONSTRAINT EXCEEDED!
Wind Directions: [   0.    22.5   45.    67.5   90.   112.5  135.   157.5  180.   202.5
  225.   247.5  270.   292.5  315.   337.5] degrees
AEP: 7178205.00189 kWh
X-locations (initial): [ 1550.  1900.  2300.  2200.  2400.  2300.  2300.  2300.   220.   350.
   350.   100.   900.   900.   800.  1100.  1300.] m
X-locations (final): [ 1553.96484973  1772.21330342  2538.          2406.26959232  2538.
  2148.93581959  2176.70097585  2360.8116832    206.18695299   187.2900847
   132.14572274   277.63527038  1000.          1000.           976.14188187
  1115.76312814  1410.        ] m
Y-locations (initial): [ 4020.  4100.  3900.  3700.  3700.  3400.  3200.  3100.  1100.  1000.
   800.   600.  1000.   900.   600.   300.   200.] m
Y-locations (final): [ 4041.5212419   4328.60757811  3701.811289    3482.06000317  3606.09194374
  3501.80209661  3162.89275671  3152.4496758   1410.          1208.02427366
   586.86456221   578.45837493  1106.93985897  1047.37252765   791.81982403
     0.             0.        ] m
RPM: [[  2.99966613e+00   6.53879812e+00   7.60579714e+00   9.01434213e+00
    7.52778470e+00   8.77331822e+00   1.45879438e+01   1.52652141e+01
    5.79371642e+00   4.39119771e-11   1.48124334e+00   4.42723868e+00
    4.53876141e+00   2.37388615e+00   7.11388178e+00   9.45395715e+00
    1.16605127e+01]
 [  1.01901333e+01   5.51217770e+00   3.98694854e+00   4.12360551e+00
    1.10956372e+01   1.10784987e+01   1.34043358e+01   1.64486789e+01
    7.45229953e+00   5.32711269e+00   8.86965401e+00   5.80044944e+00
    6.62015532e+00   6.11818167e+00   6.39377951e+00   1.10362509e+01
    1.12313984e+01]
 [  8.84823270e+00   7.05566141e+00   7.04154520e+00   5.25678173e+00
    1.01969797e+01   9.97065407e+00   1.28868943e+01   1.35501391e+01
    7.84886610e+00   8.65454355e+00   8.96710792e+00   2.64506909e+00
    4.27937448e+00   1.01421794e+00   7.09500808e+00   1.22801191e+01
    1.17268620e+01]
 [  7.38731463e+00   5.95344971e+00   7.85801022e+00   8.50567457e+00
    1.09680380e+01   1.07340308e+01   1.49209256e+01   1.55646716e+01
    8.15283020e+00   8.50320312e+00   7.06430633e+00   5.67647612e+00
    6.88972500e+00   5.41268338e+00   5.03250520e+00   1.10618196e+01
    1.19412480e+01]
 [  8.68987627e+00   6.69471301e+00   6.53295674e+00   7.81845041e+00
    1.09584353e+01   9.91065482e+00   1.34599266e+01   1.54432188e+01
    9.20123492e+00   6.31752770e+00   7.16405282e+00   6.12575991e+00
    7.77087125e+00   7.02482487e+00   6.54870734e+00   1.08879019e+01
    1.13996930e+01]
 [  7.92659377e+00   6.29032320e+00   7.95796378e+00   7.47375107e+00
    1.29463313e+01   1.30677127e+01   1.51425771e+01   1.52747842e+01
    8.24707363e+00   5.55647126e+00   7.14512014e+00   6.72354704e+00
    8.37866294e+00   7.57765918e+00   8.55142812e+00   7.45820975e+00
    1.09656535e+01]
 [  8.61867225e+00   5.41907810e+00   7.17958145e+00   7.53274454e+00
    1.05226382e+01   1.28212376e+01   1.31051050e+01   1.50626715e+01
    5.04288958e+00   5.18054670e+00   7.99218073e+00   6.70184012e+00
    8.92275884e+00   7.05437627e+00   7.10149705e+00   8.91029467e+00
    1.18268336e+01]
 [  8.84582463e+00   5.64111001e+00   4.95675779e+00   5.45897227e+00
    1.09328053e+01   1.17480577e+01   1.53825256e+01   1.52512347e+01
    8.52054484e+00   3.51290855e+00   8.65139760e+00   6.21470322e+00
    9.45012492e+00   9.53374994e+00   2.51181466e+00   8.30533756e+00
    1.06151599e+01]
 [  6.21896712e+00   1.11202448e+01   7.61430035e+00   4.82096350e+00
    5.15303861e+00   1.05765905e+01   1.22740885e+01   1.36234781e+01
    5.40181773e+00   6.57541038e-01   5.59211340e+00   6.28543660e+00
    1.99527373e+00   6.39943097e+00   7.50415610e+00   1.02569021e+01
    1.21574714e+01]
 [  9.64547376e+00   4.18933170e+00   0.00000000e+00   7.44270313e+00
    8.23861855e+00   1.37079812e+01   1.36998677e+01   1.66280530e+01
    9.63307411e+00   7.67197735e-01   9.78088848e+00   4.99028241e+00
    6.55305970e+00   3.34325632e-01   7.31235051e+00   1.12484107e+01
    1.23575945e+01]
 [  9.06693568e+00   7.01976975e+00   7.30508222e+00   7.36642351e+00
    1.31924195e+01   9.63782983e+00   1.35430228e+01   1.49962231e+01
    9.00204821e+00   4.24837841e+00   1.96423708e-18   6.23296439e+00
    9.38126950e+00   4.90067968e+00   5.85375876e+00   1.17649920e+01
    1.07033530e+01]
 [  7.32086731e+00   5.72768109e+00   7.73175592e+00   6.52451443e+00
    1.26989097e+01   1.25997437e+01   1.35334380e+01   1.45824919e+01
    1.16065004e+01   6.25656874e+00   7.27959700e+00   5.61183656e+00
    5.57358184e+00   7.12843719e+00   5.58108844e+00   9.51192303e+00
    1.36685425e+01]
 [  6.93252989e+00   7.02908714e+00   4.90549500e+00   8.84993861e+00
    1.16064994e+01   1.22846965e+01   1.38940883e+01   1.51641432e+01
    1.09442746e+01   7.79309623e+00   4.95291141e+00   6.45890656e+00
    4.61971651e+00   5.86642317e+00   1.06122143e+01   1.28840580e+01
    8.76173866e+00]
 [  8.48981565e+00   6.99722206e+00   7.40204816e+00   6.88076689e+00
    1.13867811e+01   1.20575137e+01   1.51066250e+01   1.52387653e+01
    7.21728319e+00   5.91667136e+00   7.35097108e+00   6.71537297e+00
    8.53291269e+00   7.98778950e+00   7.77656891e+00   8.65672980e+00
    9.48505258e+00]
 [  7.60741519e+00   6.79391398e+00   8.19460181e+00   5.06232997e+00
    9.82422174e+00   1.33601949e+01   1.50167295e+01   1.53181869e+01
    6.79369855e+00   3.97212769e+00   7.97306364e+00   6.64549651e+00
    8.79075591e+00   7.38936859e+00   7.35685845e+00   9.63380961e+00
    1.11619969e+01]
 [  5.87309549e+00   8.95536437e+00   6.50355390e+00   3.96398570e+00
    1.01700130e+01   1.35601365e+01   1.46978688e+01   1.48279544e+01
    9.96483714e+00   7.34018076e+00   4.58879740e+00   6.57753419e+00
    1.12509499e+01   7.82479284e+00   6.37662427e+00   8.02514798e+00
    1.13295414e+01]]
Effective wind speeds: [[ 15.          15.          15.          15.          14.92638416  15.
   14.99059913  14.99255874  15.          14.96964167  14.99982562
   14.999927    15.          14.95800988  14.98393882  15.          14.99999299]
 [ 15.          15.          15.          14.99453911  14.99900568  15.
   15.          14.95312667  14.99999642  14.99994985  14.99827176
   14.99955409  14.99989763  14.98362569  14.99667302  14.98865359  15.        ]
 [ 14.99978184  15.          15.          14.87944562  15.          15.
   14.99966234  15.          14.99866659  14.99293419  14.9999704   15.
   15.          14.99992475  15.          15.          15.        ]
 [ 15.          15.          15.          15.          15.          14.9931948
   15.          15.          15.          15.          14.99998929
   14.99983248  15.          15.          15.          15.          15.        ]
 [ 15.          15.          15.          15.          15.          14.96063825
   14.43610153  15.          15.          14.99998519  14.95050497  15.
   15.          15.          15.          14.88290634  15.        ]
 [ 14.96767653  15.          15.          15.          15.          15.
   15.          15.          14.98955266  14.99978561  14.99358479
   14.99971846  15.          15.          15.          15.          15.        ]
 [ 14.98041709  14.99168341  15.          15.          15.          15.
   15.          15.          14.99988578  14.98906325  15.          15.
   14.99386835  15.          15.          15.          15.        ]
 [ 15.          14.98672622  14.96025106  15.          15.          14.99982559
   15.          15.          15.          15.          15.          15.
   14.91987861  14.98554957  15.          15.          15.        ]
 [ 14.99991754  15.          14.9565039   14.96869702  15.          14.97202614
   15.          15.          14.99708897  14.99863614  15.          15.
   14.93098596  14.96918253  15.          15.          15.        ]
 [ 14.99851924  14.99875985  14.9850141   14.9999342   14.78553909
   14.99883114  14.9999773   14.99736666  15.          15.          15.
   15.          14.99933772  15.          15.          15.          15.        ]
 [ 15.          14.99964783  14.99850226  14.99909114  14.94295375
   14.99994305  14.99932845  14.99998556  15.          15.          15.
   15.          14.99991229  15.          15.          15.          15.        ]
 [ 15.          15.          14.98697027  15.          14.98978149  15.
   15.          15.          15.          15.          15.          15.
   15.          14.99998405  14.99980906  15.          15.        ]
 [ 15.          15.          15.          14.85160173  15.          15.
   15.          14.62011249  15.          15.          15.          14.96174984
   14.99998511  15.          15.          15.          14.81160377]
 [ 15.          15.          14.99972088  15.          14.99177971  15.
   15.          15.          15.          15.          15.          14.99997601
   14.99466179  14.99279469  14.99988065  15.          14.99764259]
 [ 15.          15.          14.9999953   15.          14.99686411
   14.99772981  15.          14.99811557  15.          15.          15.
   15.          15.          14.99081949  15.          15.          14.99859034]
 [ 15.          15.          15.          15.          14.98769455
   14.99478736  14.99932796  14.9998474   15.          15.          15.
   15.          15.          14.86368195  15.          15.          14.98719166]] m/s
Max SPL: 45.7079707811 dB
SPL: [[ 38.78084805  41.75138403  42.66406789  42.65726658  40.79897396
   39.88304574  43.85097943  43.44008348  45.22161121  43.89971395
   42.7543673   42.10989697]
 [ 39.11366955  42.02029452  42.73487888  42.91431085  40.72370077
   40.56647357  43.97860894  43.65896466  45.60174182  44.84822162
   43.07329739  42.57937162]
 [ 39.53169382  41.96211969  42.41571202  42.86912668  40.3855963
   39.76096771  43.85260979  43.53475246  45.35116157  44.68003762
   42.73140491  42.01017066]
 [ 39.13132748  41.94315948  42.85184069  43.00011815  40.76579368
   40.14618841  44.08812534  43.41654837  45.557903    44.92851352
   42.86092802  42.52300629]
 [ 38.9453008   41.91180767  42.95109499  42.72977933  40.52428199
   39.95864954  44.10010671  43.7342911   45.54575978  44.97626658
   42.96166815  42.51253382]
 [ 39.14180346  42.2940706   42.7382522   42.89039734  40.88447235
   40.19966688  44.22924122  43.70637616  45.49234362  44.95948017
   43.15205831  42.83370871]
 [ 39.11406499  42.10045577  42.63287412  42.80777724  40.61754185
   39.98483441  44.05730531  43.76272571  43.91722294  45.0081335
   42.81975182  42.14990818]
 [ 38.92407392  41.91543642  42.55607372  42.7218936   40.49495144
   39.88279389  43.80394738  43.63486419  45.08900816  44.84834348
   42.89629439  42.39634667]
 [ 39.09024568  42.17216532  42.79570342  42.79533779  40.88796655
   39.97330748  43.9726595   43.62157602  45.49869952  44.0922762
   42.90697403  42.26589767]
 [ 38.97338338  41.88195157  42.58504608  42.76617351  40.59483024
   40.46530718  43.82839541  43.62510002  45.70797078  44.75894097
   42.92023173  42.32374787]
 [ 39.59535989  42.00551774  42.46453608  42.91731697  40.48013215
   39.85945789  43.94970969  43.54180878  45.28993406  44.85581389
   42.85117201  42.2345921 ]
 [ 38.97288376  41.82316704  42.49758416  42.64894363  40.47301056
   39.8530999   44.11587036  43.41114358  45.58657741  44.93524137
   42.87503924  42.5783042 ]
 [ 39.0324279   42.00639529  42.94486128  42.74534472  40.56900154
   40.00110171  44.16852609  43.76271094  45.48554609  44.99454825
   42.97780484  42.40962607]
 [ 39.17072292  42.29522366  42.74453931  42.88886484  40.89445445
   40.21499451  44.18555799  43.6976818   45.51214549  44.92920778
   43.00061578  42.65816636]
 [ 39.06932948  42.04192504  42.69058197  42.8633587   40.65722722
   40.03366327  44.10616608  43.77798218  43.93589546  45.04466155
   42.98082869  42.45740676]
 [ 38.98203198  41.94448979  42.59532334  42.77349968  40.58316027
   39.96324256  43.99050781  43.68304805  45.09498286  44.83209988
   43.09312561  42.58762221]] dB
