
CONSTRAINT EXCEEDED!
Wind Directions: [   0.    22.5   45.    67.5   90.   112.5  135.   157.5  180.   202.5
  225.   247.5  270.   292.5  315.   337.5] degrees
AEP: 23859.9357662 kWh
X-locations (initial): [ 1550.  1900.  2300.  2200.  2400.  2300.  2300.  2300.   220.   350.
   350.   100.   900.   900.   800.  1100.  1300.] m
X-locations (final): [ 1734.          2121.          2538.          2537.73186241  2537.91472483
  2538.          2359.33871092  2361.           570.           171.35662699
     0.           294.1065569    999.9382404   1000.          1000.
  1025.68162309  1410.        ] m
Y-locations (initial): [ 4020.  4100.  3900.  3700.  3700.  3400.  3200.  3100.  1100.  1000.
   800.   600.  1000.   900.   600.   300.   200.] m
Y-locations (final): [ 4153.10581633  4393.          3353.02301887  3353.00134276  3353.00056473
  3613.08927808  3023.00625545  3023.          1410.          1410.
   673.63996782  1410.          1209.79954903  1210.           810.             0.
     0.        ] m
RPM: [[  0.00000000e+00   0.00000000e+00   1.35543575e-06   3.82465487e-05
    1.37862693e-03   2.09901946e-01   2.14914208e-01   0.00000000e+00
    0.00000000e+00   0.00000000e+00   0.00000000e+00   0.00000000e+00
    2.04244622e-08   4.55193581e-01   0.00000000e+00   0.00000000e+00
    0.00000000e+00]
 [  2.30145134e-04   1.45423387e-05   2.88036428e-02   2.45640159e-01
    6.13717030e-01   1.12119846e-04   3.15496948e-04   3.07301381e-01
    1.96073671e-07   2.09329974e-07   2.68310885e-07   1.38246686e-01
    1.86206501e-07   2.50395717e-01   1.64853110e-10   0.00000000e+00
    0.00000000e+00]
 [  0.00000000e+00   0.00000000e+00   1.89939601e-02   2.26703372e-01
    6.33836852e-01   4.60555091e-04   1.39877884e-03   2.91894921e-01
    0.00000000e+00   0.00000000e+00   2.18117523e-07   0.00000000e+00
    0.00000000e+00   2.40421432e-01   0.00000000e+00   6.60750064e-08
    0.00000000e+00]
 [  0.00000000e+00   0.00000000e+00   1.76636072e-02   1.47899664e-01
    6.19459225e-01   0.00000000e+00   2.44181907e-03   2.43953223e-01
    0.00000000e+00   0.00000000e+00   0.00000000e+00   1.15287639e-02
    0.00000000e+00   2.99297891e-01   0.00000000e+00   0.00000000e+00
    0.00000000e+00]
 [  0.00000000e+00   0.00000000e+00   1.80187107e-02   4.28847586e-02
    4.71595614e-01   0.00000000e+00   0.00000000e+00   2.96832770e-01
    1.54911101e-01   0.00000000e+00   0.00000000e+00   1.84352026e-01
    0.00000000e+00   2.89275364e-01   0.00000000e+00   0.00000000e+00
    1.15548126e-01]
 [  3.16293602e-07   0.00000000e+00   1.76444459e-02   1.76563352e-01
    4.31407065e-01   0.00000000e+00   0.00000000e+00   3.06247738e-01
    0.00000000e+00   0.00000000e+00   0.00000000e+00   3.98945845e-05
    3.07103245e-01   0.00000000e+00   0.00000000e+00   0.00000000e+00
    2.34527303e-03]
 [  4.28849078e-07   0.00000000e+00   2.26043728e-02   1.55497123e-01
    6.19566947e-01   0.00000000e+00   0.00000000e+00   2.17863834e-01
    0.00000000e+00   0.00000000e+00   0.00000000e+00   0.00000000e+00
    2.92738913e-01   0.00000000e+00   1.00539808e-04   0.00000000e+00
    1.44138942e-04]
 [  0.00000000e+00   3.57944440e-07   2.29059406e-02   1.81619843e-01
    5.49093345e-01   6.85984357e-06   0.00000000e+00   2.35175782e-01
    0.00000000e+00   0.00000000e+00   0.00000000e+00   0.00000000e+00
    2.31094290e-01   0.00000000e+00   3.25513130e-07   1.22568863e-04
    1.36742551e-03]
 [  5.03000559e-07   0.00000000e+00   4.12459916e-01   4.39604942e-02
    2.18380404e-01   0.00000000e+00   0.00000000e+00   1.79028226e-01
    0.00000000e+00   0.00000000e+00   0.00000000e+00   0.00000000e+00
    3.14800936e-01   0.00000000e+00   4.32892346e-02   4.41341164e-02
    0.00000000e+00]
 [  0.00000000e+00   0.00000000e+00   5.02266087e-01   1.43233439e-02
    1.36811522e-06   0.00000000e+00   3.63487629e-01   0.00000000e+00
    1.45301170e-02   0.00000000e+00   1.28188641e-02   0.00000000e+00
    2.41268387e-01   0.00000000e+00   0.00000000e+00   1.30018323e-03
    0.00000000e+00]
 [  0.00000000e+00   0.00000000e+00   4.82894113e-01   3.73575925e-02
    2.49401953e-06   0.00000000e+00   3.55904441e-01   0.00000000e+00
    4.15014889e-03   0.00000000e+00   1.93047011e-06   3.47062689e-03
    2.40703395e-01   0.00000000e+00   0.00000000e+00   0.00000000e+00
    0.00000000e+00]
 [  0.00000000e+00   0.00000000e+00   4.51630121e-01   5.71851055e-02
    1.16192203e-06   0.00000000e+00   2.40519034e-01   2.45372239e-03
    0.00000000e+00   1.07072145e-02   0.00000000e+00   0.00000000e+00
    2.42325754e-01   0.00000000e+00   0.00000000e+00   0.00000000e+00
    0.00000000e+00]
 [  0.00000000e+00   0.00000000e+00   4.72178799e-01   7.37101388e-02
    7.35181275e-07   0.00000000e+00   3.73440370e-01   0.00000000e+00
    0.00000000e+00   2.45220679e-01   0.00000000e+00   2.33940616e-02
    2.70175976e-01   0.00000000e+00   0.00000000e+00   9.05631278e-02
    0.00000000e+00]
 [  2.38021967e-07   1.68931729e-08   5.00074300e-01   2.92545060e-02
    8.34749590e-03   0.00000000e+00   2.78343848e-01   0.00000000e+00
    7.66084888e-02   4.70096987e-05   1.09785539e-04   9.37630215e-11
    0.00000000e+00   3.00565421e-01   0.00000000e+00   1.04121141e-07
    0.00000000e+00]
 [  5.46149810e-03   0.00000000e+00   4.56765728e-01   8.67088721e-03
    4.70702089e-03   0.00000000e+00   2.20292649e-01   1.52371269e-07
    0.00000000e+00   2.04415031e-04   0.00000000e+00   7.08693529e-04
    0.00000000e+00   2.89420352e-01   0.00000000e+00   0.00000000e+00
    1.11413250e-07]
 [  0.00000000e+00   6.81089371e-03   4.72135756e-01   1.41750307e-01
    0.00000000e+00   0.00000000e+00   2.55187042e-01   0.00000000e+00
    2.58955445e-04   0.00000000e+00   0.00000000e+00   1.88124696e-05
    2.11235023e-05   2.86980408e-01   0.00000000e+00   0.00000000e+00
    0.00000000e+00]]
Effective wind speeds: [[ 15.          15.          14.99909904  14.99909456  14.99909764  15.
   15.          14.99814189  15.          15.          15.          15.
   14.99576716  15.          14.99874087  14.99981022  15.        ]
 [ 15.          15.          15.          14.99423139  14.99973608  15.
   14.99694699  14.99929233  14.99999997  15.          14.99986727  15.
   14.99769532  15.          15.          14.99997     14.99999955]
 [ 15.          15.          15.          14.99405026  14.99982618  15.
   14.99719772  15.          14.99990416  15.          14.99996917
   14.99999898  14.99779408  15.          15.          15.          15.        ]
 [ 15.          15.          15.          14.9942009   14.99983855  15.
   14.99770498  15.          15.          14.99999602  15.          15.
   14.99725429  15.          15.          15.          15.        ]
 [ 15.          15.          15.          14.99561838  14.99983551  15.
   14.99726422  15.          15.          14.99871197  15.          14.99936907
   14.99735076  15.          15.          14.99966768  15.        ]
 [ 15.          15.          15.          14.99600715  14.9998391   15.
   14.99724072  15.          14.99937636  15.          14.99999996
   14.99999996  15.          14.99714416  15.          15.          15.        ]
 [ 14.99960516  15.          15.          14.99423954  14.999794    15.
   14.9980819   15.          15.          15.          15.          15.
   15.          14.99728154  15.          15.          15.        ]
 [ 15.          14.99963389  15.          14.99491394  14.99979133  15.
   14.99795597  15.          15.          15.          15.          15.
   14.99999998  14.99786271  14.99999998  15.          15.        ]
 [ 15.          15.          14.997944    14.99800372  15.          14.99797557
   14.99845412  15.          15.          15.          15.          15.
   14.99988057  14.99708492  14.99997667  15.          15.        ]
 [ 14.99999823  14.99999953  14.99963729  14.99965531  14.99963554
   14.99999482  14.99999988  14.99645816  15.          15.          15.
   14.99998775  15.          14.99778005  15.          15.          15.        ]
 [ 15.          15.          14.99965637  14.99999942  14.99965689
   14.99999962  14.99999998  14.99657538  15.          15.          15.
   15.          15.          14.99779147  15.          15.          15.        ]
 [ 15.          15.          14.99947535  15.          14.99947553  15.
   15.          14.99773756  15.          15.          15.          14.9999963
   15.          14.99778145  15.          15.          15.        ]
 [ 15.          15.          14.99932586  15.          14.99932528  15.
   15.          14.99654872  14.99931718  15.          15.          14.99837959
   15.          14.99752736  15.          15.          14.99973977]
 [ 15.          15.          14.99972316  15.          14.9997333   15.
   15.          14.99749463  15.          15.          15.          15.
   14.99720132  14.99984491  15.          15.          15.        ]
 [ 15.          15.          14.9999104   14.9999967   14.9999211   15.
   15.          14.99806035  15.          15.          15.          15.
   14.99731267  15.          14.99999999  15.          15.        ]
 [ 15.          15.          14.99871121  14.99999577  14.99870712
   14.99999999  15.          14.99778046  15.          15.          15.
   15.          14.99734056  15.          15.          15.          14.99999531]] m/s
Max SPL: 44.5607092226 dB
SPL: [[ 37.76407072  40.01829281  42.0804384   42.06094975  38.65874152
   37.87593734  42.82508416  44.40533952  42.93909462  40.69325236
   41.72176547  41.39083172]
 [ 37.00029826  39.41583107  42.01148074  42.1373092   38.23906015
   37.77138811  42.79971576  44.39360951  42.98955607  40.68336958
   41.71903753  41.38865801]
 [ 36.77752835  39.45050151  42.10794546  42.01727756  38.24618702
   37.78180547  42.82001446  44.37933356  42.92573979  40.80400797
   41.70195563  41.5394379 ]
 [ 36.78887624  39.43754648  42.05181502  42.05015469  38.24837723
   37.78308504  42.84841183  44.3029563   42.86229864  40.85034701
   41.6703605   41.37192998]
 [ 36.81702351  39.50700032  41.86012501  41.86727712  38.3352297
   37.91347517  42.78254089  42.50852137  41.26122958  40.69431117
   41.67546737  41.37913959]
 [ 36.79405597  39.57773029  42.25590231  42.1192501   38.36095149
   37.81262442  42.85437625  44.26890038  42.85924828  40.76416825
   41.60394956  41.52537368]
 [ 36.78997357  39.45028426  42.09022227  42.06748177  38.23372793
   37.80631183  42.79855369  44.56069184  42.93252555  40.69178251
   41.71670644  41.3861396 ]
 [ 36.78847786  39.4480086   42.09019948  42.06774565  38.24725433
   37.78164513  42.96451748  44.4019927   42.9428613   40.64061316
   41.72205318  41.39140966]
 [ 37.76404928  40.0182703   42.08026125  42.06079015  38.65847068
   37.87586556  42.8252403   44.40535931  42.93912271  40.6934425
   41.72216893  41.39114235]
 [ 37.00040478  39.41590702  42.01162335  42.13744865  38.23926127
   37.77159033  42.79970134  44.39368788  42.98965203  40.68338763
   41.71904955  41.38867217]
 [ 36.77760519  39.45059181  42.10804636  42.01738024  38.24631606
   37.78193501  42.82003696  44.37936232  42.92576949  40.80402977
   41.70196827  41.53944969]
 [ 36.78893683  39.43758829  42.05189902  42.05023951  38.24847794
   37.78318546  42.84841008  44.30295781  42.86230057  40.85034929
   41.67036216  41.37193267]
 [ 36.81718983  39.50710723  41.86037153  41.86752301  38.33549503
   37.91373144  42.7824408   42.50858347  41.26125006  40.69430775
   41.67549977  41.37911632]
 [ 36.79427382  39.57787438  42.25618243  42.11954065  38.36132827
   37.81298516  42.85446984  44.26893476  42.85927537  40.76423115
   41.60398696  41.52542234]
 [ 36.79024277  39.45057729  42.09045563  42.06773341  38.23400502
   37.80657823  42.79856147  44.56070922  42.93253129  40.69179371
   41.7167158   41.38615069]
 [ 36.78859038  39.44810645  42.09038601  42.06791618  38.24737305
   37.78176307  42.96452362  44.40199559  42.94286456  40.64062035
   41.72205895  41.39141572]] dB
