
CONSTRAINT EXCEEDED!
Wind Directions: [   0.    22.5   45.    67.5   90.   112.5  135.   157.5  180.   202.5
  225.   247.5  270.   292.5  315.   337.5] degrees
AEP: 376131.421357 kWh
X-locations (initial): [ 1550.  1900.  2300.  2200.  2400.  2300.  2300.  2300.   220.   350.
   350.   100.   900.   900.   800.  1100.  1300.] m
X-locations (final): [  1.59343586e+03   2.12100000e+03   2.53563733e+03   2.53628851e+03
   2.52562035e+03   2.53800000e+03   2.26803905e+03   2.36100000e+03
   5.70000004e+02   4.36843130e+01   5.69999991e+02   1.40052754e-04
   9.96143122e+02   9.99999986e+02   1.00000000e+03   1.40805852e+03
   1.40297958e+03] m
Y-locations (initial): [ 4020.  4100.  3900.  3700.  3700.  3400.  3200.  3100.  1100.  1000.
   800.   600.  1000.   900.   600.   300.   200.] m
Y-locations (final): [  4.01504958e+03   4.39300000e+03   3.35300008e+03   3.35389715e+03
   3.35458796e+03   3.35300000e+03   3.02300000e+03   3.02300000e+03
   1.40999991e+03   1.39238718e+03   1.40999998e+03   1.40565900e+03
   1.21000000e+03   1.20999781e+03   8.10000000e+02   2.95714771e-08
   3.66805173e-06] m
RPM: [[  3.22536453e-02   1.85157836e-02   6.16755797e-03   2.86670934e-01
    8.09732103e-01   3.18299007e-03   8.41222253e-02   4.36142062e-01
    4.94622318e-03   4.04852905e-04   3.63453564e-02   2.56137852e-03
    8.47180502e-02   4.70363871e-04   3.07303538e-03   1.69838808e-06
    4.40564260e-02]
 [  3.50393112e+00   1.58596626e+00   1.94058776e+00   3.52189238e+00
    2.00424172e+00   2.20905404e+00   2.03562048e+00   1.92770991e+00
    1.63925453e-03   3.27905460e-03   3.56247944e-05   1.40115465e-05
    1.14368343e-05   4.84163778e-01   2.44694155e-04   1.48008326e+00
    8.21652020e-07]
 [  8.67074584e+00   2.07272694e+00   4.01866128e+00   3.08320499e+00
    2.41849374e+00   1.54706263e+00   3.69098893e+00   1.82005735e+00
    3.63184778e-03   8.75672646e-03   4.18149756e-02   1.55645302e-05
    1.03893699e-06   5.13997539e-01   2.32595679e-06   7.25595096e-02
    9.12571023e-05]
 [  9.20198348e-01   8.41044260e-01   1.94272430e+00   3.93489312e-01
    6.02743959e-01   8.85298402e-01   1.03491070e+00   7.20563403e-01
    2.09176263e-02   2.99573641e-02   5.67656001e-02   3.47656391e-03
    1.42795330e-05   7.34900818e-02   2.00438713e-03   6.67156103e-02
    1.17763273e-03]
 [  9.09283932e+00   2.26880085e+00   9.47126116e-01   2.72220963e-01
    7.34159100e-01   1.11372193e+00   1.07899985e+00   1.10886880e+00
    8.20114314e-02   2.06265180e-01   1.80246304e-05   1.63212327e-06
    2.97521149e-04   6.45906847e-02   1.68882999e-05   7.05230654e-02
    4.39646473e-03]
 [  3.23539537e-02   2.27363912e-02   1.00924759e-02   1.52988237e-01
    1.39268314e-01   7.20512652e-01   3.27428580e-01   4.65158432e-03
    3.90286412e-02   5.52815955e-02   2.70948009e-05   2.63500296e-04
    9.48359412e-02   1.31343336e+00   2.02255327e-05   6.08431309e-02
    1.04880712e-05]
 [  7.98661077e+00   5.09374671e+00   3.21676652e+00   2.52579181e+00
    1.87198852e+00   1.92142725e+00   1.83057309e+00   1.90295373e+00
    2.95633256e-01   1.29069513e-03   5.79352651e-06   2.05775048e+00
    4.28684407e-06   6.35502206e-02   8.27546974e-06   7.81182933e-02
    4.42244475e-01]
 [  3.70644798e-02   9.81697003e-03   1.67861694e-04   6.44813325e-04
    3.90951016e-02   9.89542146e-01   4.90638894e-01   5.60090769e-02
    1.63235058e+00   6.11335945e-03   8.69442540e-04   1.59937750e-02
    6.08189856e-05   6.98184906e-02   1.34151331e-03   3.09085942e-01
    2.08106995e-01]
 [  3.24303692e-02   1.56342165e-02   6.72352465e-03   5.06337656e-01
    1.24246323e-01   9.07312145e-01   4.72976127e-01   4.81131427e-02
    4.35898351e-02   8.70209156e-04   7.87422241e-07   1.17302759e-02
    7.96674478e-06   5.96441981e-02   1.72324123e-02   6.70360069e-01
    2.46570437e-03]
 [  3.63738023e-02   6.66486830e-03   3.60344362e-01   5.19292704e-06
    1.13603452e+00   8.45788001e-01   4.15857245e-01   5.48573278e-02
    6.60487351e-02   1.49545511e-05   1.81213678e-02   4.97976462e-03
    7.60863361e-02   2.44923702e-03   3.60008378e-03   4.70104419e-04
    6.98021289e-02]
 [  6.89626429e+00   9.00515526e-01   3.72060738e+00   3.17579047e+00
    2.68084192e+00   1.45038980e+00   3.24592944e+00   1.65986391e+00
    3.34704594e-01   2.15374868e-06   2.36030035e-02   6.92439480e-03
    7.18771636e-02   1.49689796e-01   9.61310568e-07   6.27096451e-07
    7.18439178e-02]
 [  7.91286875e-03   8.54039997e-06   2.00915504e-02   3.33763341e-01
    3.84652204e-01   5.97844598e-01   4.35479990e-01   1.32982708e-02
    9.82836541e-01   1.16653430e-02   1.35102049e-02   2.42470041e-02
    6.73972846e-02   1.64475258e-05   2.36708000e-05   1.98730482e-05
    4.15173290e-01]
 [  3.36135393e-02   1.30931044e-02   2.70319442e-03   9.45932880e-01
    4.02873220e-01   7.41332653e-01   8.57733990e-01   5.79088193e-01
    2.43419337e-02   5.33089929e-03   6.29467864e-02   2.32823577e-01
    6.92528506e-02   9.99019784e-04   3.28085906e-03   3.25703045e-01
    8.12080419e-02]
 [  1.28902391e+01   5.04923176e+00   1.39589221e+00   1.04755450e+00
    5.71373315e-01   8.62739034e-01   8.18408327e-01   5.80452288e-01
    3.45526139e-01   1.27493556e-02   4.43082623e-02   5.02611586e-02
    1.74676237e-05   1.43113885e-06   3.25938492e-03   1.76188581e-06
    5.92219639e-02]
 [  1.69329831e+01   9.62064291e+00   4.21401235e+00   3.40765004e+00
    1.85477792e+00   2.08754859e+00   2.10765317e+00   1.75291955e+00
    1.27279849e-06   3.01678720e-03   4.65374552e-02   7.56363015e-03
    5.90481839e-02   1.26408572e-02   8.07280773e-06   1.82128965e-06
    4.64184932e-01]
 [  7.74808165e+00   4.12668792e-01   1.16577103e+00   1.51962036e+00
    9.61472720e-01   1.03068679e+00   1.23601651e+00   1.07147188e+00
    1.15585130e+00   3.82304738e-03   5.76999259e-02   2.49239847e-03
    5.64969899e-02   1.90659445e-03   2.80950711e-03   2.67388105e-01
    5.85304306e-02]]
Effective wind speeds: [[ 15.          15.          14.99451831  14.99541052  15.          14.99518999
   15.          15.          14.9996677   15.          15.          15.
   15.          14.99933431  14.99978289  14.99967287  14.99999994]
 [ 15.          15.          14.95646418  15.          14.95586918
   14.96622592  15.          14.9923737   14.99953647  15.          14.99953647
   14.99999925  14.99496106  14.99999672  15.          14.99999642
   14.98366468]
 [ 15.          15.          14.96503186  14.98409442  14.94374085  15.
   14.9995446   15.          14.99881113  15.          14.99887431
   14.99999294  14.9947824   15.          15.          15.          14.99925721]
 [ 15.          15.          14.99069282  14.99122766  14.97641092  15.
   14.99875492  15.          14.99948064  15.          15.          14.99990969
   14.99929473  15.          15.          15.          14.99935114]
 [ 15.          15.          14.98915685  14.98909008  14.98536728  15.
   14.99169476  15.          15.          14.99991164  14.99924899
   14.99841696  14.99941104  15.          15.          15.          14.99935785]
 [ 15.          15.          14.99334264  14.99321806  14.9940254   15.
   14.99999869  15.          14.99721158  15.          14.99718883
   14.9996145   14.98812825  15.          15.          15.          14.99948497]
 [ 15.          15.          14.98235411  14.9611794   14.96585201  15.
   15.          15.          15.          14.9998841   14.99727222
   14.99988716  14.99947761  15.          15.          15.          14.99938114]
 [ 15.          14.99936257  14.99138551  14.99106482  14.99443155  15.
   15.          15.          15.          15.          14.98418029
   14.9999981   14.99944519  14.99999414  14.99999317  15.          14.99764513]
 [ 14.99999878  15.          14.99217727  14.99197654  14.99456406  15.
   15.          15.          15.          15.          14.99960137  15.
   14.99952968  14.99995307  15.          15.          14.99490941]
 [ 14.99999196  14.99999985  14.98949852  14.98678777  14.99987949
   14.98971029  15.          15.          15.          14.99999886
   14.99939551  15.          15.          14.99921957  15.          14.9992684
   15.        ]
 [ 15.          15.          14.97221185  14.95251786  14.9999185
   14.94037212  14.99994672  14.99999837  15.          14.99999442
   14.99690741  15.          15.          14.99928179  15.          14.99926455
   15.        ]
 [ 15.          15.          14.99600719  14.99600565  15.          14.99492424
   15.          14.99925529  15.          14.99992692  14.99070081  15.
   15.          14.99935334  15.          14.99591179  15.        ]
 [ 15.          15.          14.99611253  14.99623064  15.          14.99000933
   15.          14.99363577  14.99931236  14.99821764  14.9996245   15.
   15.          14.99936843  15.          14.99926028  15.        ]
 [ 15.          15.          14.99519309  14.98631231  15.          14.98300101
   15.          14.99976205  14.99959479  14.99964957  15.          15.
   14.99930805  14.99928815  15.          14.99949872  15.        ]
 [ 15.          15.          14.96099508  14.9867492   15.          14.94451188
   15.          15.          14.99957437  14.99998274  15.          15.
   15.          14.99951469  15.          14.99627176  14.99999798]
 [ 15.          15.          14.98364596  14.99417282  14.99974264
   14.98183664  15.          15.          14.99947207  14.99999923  15.
   15.          15.          14.99955129  15.          14.999558
   14.99999911]] m/s
Max SPL: 42.7956975422 dB
SPL: [[ 37.97752272  39.66058097  41.4909698   41.36828254  39.33579035
   38.72989871  42.76718584  39.93466626  37.15374912  39.68914541
   41.11763642  41.45545414]
 [ 37.14966312  39.1475742   41.48244216  41.41459695  39.43635216
   38.82583248  42.74263748  39.91398758  37.15935284  39.6934745
   41.12069362  41.46073482]
 [ 37.53528444  39.71101384  41.50727878  41.43672064  39.46754608
   38.85983306  42.77054471  39.91495623  37.16340279  39.69427297
   41.17599942  41.42691777]
 [ 37.05818082  38.81523014  41.37058628  41.33024077  39.34980355
   38.74621179  42.77622684  39.90506398  37.15449015  39.68227942
   41.11855107  41.35047028]
 [ 37.23006532  39.30931435  41.22340171  41.19349222  39.58208963
   39.09117807  42.66375607  40.29140075  38.10906271  39.66292883
   41.07579611  41.44165081]
 [ 37.24397189  39.04188676  41.61325207  41.40076303  39.39139447
   38.648646    42.79505038  39.89958955  37.17247559  39.76126693
   40.98395972  41.61402131]
 [ 37.42958614  39.46160882  41.66107247  41.60090173  39.65868267
   39.05973391  42.74735016  40.76889673  37.19420268  39.68538159
   41.11987701  41.46401983]
 [ 37.05151562  39.03387206  41.40616081  41.33533129  39.33793187
   38.73323415  42.77400378  39.93905719  37.18029796  39.61085094
   41.11872328  41.45752855]
 [ 37.97757223  39.66061698  41.49100298  41.36831745  39.33588541
   38.73000366  42.76732495  39.93477759  37.15399592  39.6894331
   41.11812983  41.45629116]
 [ 37.04280018  39.03131625  41.40672297  41.33412833  39.33129035
   38.72602637  42.73958296  39.90962407  37.15190538  39.68781497
   41.11471419  41.45206245]
 [ 37.61829851  39.78780614  41.50925859  41.44881384  39.5374051
   38.92199342  42.77080161  39.91528487  37.16378402  39.69450093
   41.17608377  41.42693188]
 [ 37.04542168  38.80179294  41.35757231  41.3171685   39.33706103
   38.73384376  42.77711351  39.90545211  37.15445989  39.68250305
   41.11847445  41.35014339]
 [ 37.0739388   39.13388673  41.13684692  41.09984463  39.44915382
   38.9721095   42.66226392  40.28957532  38.1066342   39.66061332
   41.07425242  41.44040215]
 [ 37.38650303  39.21350932  41.75573506  41.54169081  39.4991856
   38.75599075  42.79569754  39.90193112  37.17721228  39.76767112
   40.98453284  41.61504436]
 [ 36.59640505  38.49727677  41.4475894   41.31067712  38.8897051
   38.37272822  42.73727618  40.74945967  37.16897937  39.67048092
   41.11099119  41.45610358]
 [ 37.337803    39.36049338  41.51589984  41.46757681  39.60199153
   38.9751817   42.77535142  39.94231778  37.18602234  39.61441494
   41.12153186  41.46043195]] dB
