
CONSTRAINT EXCEEDED!
Wind Directions: [   0.    22.5   45.    67.5   90.   112.5  135.   157.5  180.   202.5
  225.   247.5  270.   292.5  315.   337.5] degrees
AEP: 1540713.85573 kWh
X-locations (initial): [ 1550.  1900.  2300.  2200.  2400.  2300.  2300.  2300.   220.   350.
   350.   100.   900.   900.   800.  1100.  1300.] m
X-locations (final): [ 1706.76329287  2121.          2535.08849594  2538.          2505.95000801
  2538.          2361.          2361.             0.             0.
    94.00020495   197.79378146  1000.          1000.          1000.          1410.
  1410.        ] m
Y-locations (initial): [ 4020.  4100.  3900.  3700.  3700.  3400.  3200.  3100.  1100.  1000.
   800.   600.  1000.   900.   600.   300.   200.] m
Y-locations (final): [ 4013.          4393.          3353.          3353.          3353.          3353.
  3023.          3023.          1408.83113814  1410.          1410.          1410.
  1210.          1210.           810.             0.             0.        ] m
RPM: [[  4.87377253e+00   1.87158817e+00   8.06008847e-01   0.00000000e+00
    0.00000000e+00   0.00000000e+00   1.09419635e-01   0.00000000e+00
    0.00000000e+00   0.00000000e+00   0.00000000e+00   0.00000000e+00
    0.00000000e+00   0.00000000e+00   0.00000000e+00   0.00000000e+00
    0.00000000e+00]
 [  0.00000000e+00   0.00000000e+00   0.00000000e+00   0.00000000e+00
    0.00000000e+00   1.17938576e-01   3.07936933e-02   0.00000000e+00
    1.05732098e+00   3.35419666e-01   1.56793317e+00   5.21062432e-01
    1.11234866e+01   8.35196109e-01   8.06384802e-01   5.37721954e-01
    3.63699521e-01]
 [  0.00000000e+00   0.00000000e+00   0.00000000e+00   0.00000000e+00
    2.59178784e-01   0.00000000e+00   1.99887644e-02   0.00000000e+00
    0.00000000e+00   0.00000000e+00   0.00000000e+00   0.00000000e+00
    0.00000000e+00   0.00000000e+00   0.00000000e+00   3.96441729e+00
    5.70018319e-01]
 [  5.23721823e+00   1.06073853e+00   0.00000000e+00   0.00000000e+00
    4.65315482e-02   0.00000000e+00   0.00000000e+00   0.00000000e+00
    1.82472345e+01   0.00000000e+00   0.00000000e+00   0.00000000e+00
    8.40738474e+00   2.25755857e+00   0.00000000e+00   2.41457937e-01
    4.52712568e+00]
 [  3.93219789e+00   6.29997677e-01   0.00000000e+00   0.00000000e+00
    0.00000000e+00   0.00000000e+00   0.00000000e+00   0.00000000e+00
    9.75388938e+00   3.30715830e+00   2.56749904e+00   2.43484009e-02
    0.00000000e+00   2.23372192e+00   5.61027048e-01   3.50476115e-01
    0.00000000e+00]
 [  1.09980612e+00   0.00000000e+00   0.00000000e+00   0.00000000e+00
    0.00000000e+00   0.00000000e+00   0.00000000e+00   0.00000000e+00
    1.09538963e+01   0.00000000e+00   0.00000000e+00   1.38846616e+01
    0.00000000e+00   0.00000000e+00   0.00000000e+00   0.00000000e+00
    0.00000000e+00]
 [  1.11536724e+00   3.52278579e-01   0.00000000e+00   1.93580895e-01
    7.18199837e-02   0.00000000e+00   0.00000000e+00   0.00000000e+00
    0.00000000e+00   0.00000000e+00   0.00000000e+00   0.00000000e+00
    0.00000000e+00   0.00000000e+00   0.00000000e+00   0.00000000e+00
    0.00000000e+00]
 [  1.11211973e+00   3.11808858e-01   0.00000000e+00   0.00000000e+00
    0.00000000e+00   0.00000000e+00   0.00000000e+00   0.00000000e+00
    2.06827881e+01   0.00000000e+00   0.00000000e+00   0.00000000e+00
    0.00000000e+00   0.00000000e+00   0.00000000e+00   0.00000000e+00
    0.00000000e+00]
 [  4.06193392e+00   1.09765621e+00   0.00000000e+00   7.88171172e-01
    0.00000000e+00   0.00000000e+00   0.00000000e+00   2.22370132e-02
    5.62837906e-01   0.00000000e+00   6.01055680e+00   0.00000000e+00
    0.00000000e+00   0.00000000e+00   2.20732864e+00   0.00000000e+00
    5.93959741e-02]
 [  0.00000000e+00   0.00000000e+00   0.00000000e+00   0.00000000e+00
    3.85796464e-02   1.47497045e-01   1.36776719e-01   2.32955505e-01
    0.00000000e+00   1.46437710e+00   2.47363755e+00   4.05322625e-01
    1.41169926e-01   2.06722340e+00   6.69883943e-01   5.24587771e-01
    3.47299087e-01]
 [  0.00000000e+00   0.00000000e+00   0.00000000e+00   0.00000000e+00
    1.93411887e-01   1.85168227e-01   3.24192389e-01   0.00000000e+00
    0.00000000e+00   0.00000000e+00   0.00000000e+00   0.00000000e+00
    0.00000000e+00   0.00000000e+00   0.00000000e+00   4.19046477e+00
    2.01115029e+00]
 [  2.05813349e+00   1.01587418e+00   0.00000000e+00   0.00000000e+00
    0.00000000e+00   4.96699769e-03   0.00000000e+00   0.00000000e+00
    1.65782551e+01   1.18184935e+01   5.70264474e+00   0.00000000e+00
    8.34448718e+00   0.00000000e+00   0.00000000e+00   1.31906819e+00
    6.16561052e+00]
 [  5.18328172e+00   6.83413122e-01   0.00000000e+00   0.00000000e+00
    0.00000000e+00   0.00000000e+00   0.00000000e+00   0.00000000e+00
    0.00000000e+00   1.46652775e+01   2.12257366e+00   0.00000000e+00
    6.31152392e-01   0.00000000e+00   0.00000000e+00   0.00000000e+00
    1.69727450e-01]
 [  1.19858491e+00   0.00000000e+00   5.85983435e-02   0.00000000e+00
    0.00000000e+00   0.00000000e+00   0.00000000e+00   0.00000000e+00
    2.85000000e+01   0.00000000e+00   2.37121273e-02   6.04856379e+00
    7.92758386e+00   1.04426707e+00   0.00000000e+00   5.47645918e-01
    0.00000000e+00]
 [  0.00000000e+00   0.00000000e+00   3.31073377e-01   0.00000000e+00
    0.00000000e+00   8.47036401e+00   0.00000000e+00   5.08014302e+00
    0.00000000e+00   0.00000000e+00   0.00000000e+00   0.00000000e+00
    0.00000000e+00   0.00000000e+00   0.00000000e+00   0.00000000e+00
    0.00000000e+00]
 [  5.42740445e+00   0.00000000e+00   7.90331680e-01   0.00000000e+00
    0.00000000e+00   0.00000000e+00   0.00000000e+00   0.00000000e+00
    0.00000000e+00   0.00000000e+00   0.00000000e+00   0.00000000e+00
    0.00000000e+00   0.00000000e+00   0.00000000e+00   0.00000000e+00
    0.00000000e+00]]
Effective wind speeds: [[ 15.          15.          15.          15.          15.          15.
   15.          15.          15.          15.          15.          15.
   15.          15.          15.          14.9999982   14.9999982 ]
 [ 15.          15.          14.99881905  15.          14.99967685  15.
   14.99987687  14.99987687  14.99695308  15.          15.          15.
   15.          15.          15.          14.99999992  14.99999992]
 [ 15.          15.          15.          15.          15.          15.
   15.          15.          15.          15.          15.          15.
   15.          15.          15.          15.          15.        ]
 [ 15.          15.          15.          15.          15.          15.
   15.          15.          15.          15.          15.          15.
   15.          15.          15.          15.          15.        ]
 [ 15.          15.          15.          15.          15.          15.
   15.          15.          14.98055255  14.82566418  14.99983061  15.
   15.          15.          15.          15.          15.        ]
 [ 15.          15.          15.          15.          15.          15.
   15.          15.          15.          14.74863443  14.99424197  15.
   15.          15.          15.          15.          15.        ]
 [ 14.99999992  15.          14.99835646  15.          14.99959173  15.
   15.          15.          15.          15.          15.          15.
   15.          15.          15.          15.          15.        ]
 [ 15.          15.          15.          15.          15.          15.
   15.          15.          15.          12.79784947  15.          15.
   15.          15.          15.          15.          15.        ]
 [ 14.99999998  15.          15.          15.          15.          15.
   15.          15.          15.          14.99476143  15.          15.
   14.99349553  14.99349553  15.          15.          15.        ]
 [ 15.          14.99999564  14.99962898  14.99969806  14.99914504
   14.99969806  15.          15.          15.          15.          15.
   15.          15.          15.          15.          15.          15.        ]
 [ 15.          15.          14.99895489  14.99907865  15.          14.99907865
   15.          15.          15.          15.          15.          15.
   15.          15.          15.          15.          15.        ]
 [ 15.          15.          15.          15.          15.          15.
   15.          15.          15.          13.89683884  14.76063274
   14.99254875  15.          15.          15.          15.          15.        ]
 [ 15.          15.          15.          15.          15.          15.
   15.          15.          15.          15.          14.4152693
   14.57596069  15.          15.          15.          15.          15.        ]
 [ 15.          15.          15.          14.99948663  15.          14.99948663
   15.          15.          15.          15.          14.91936273
   14.99999793  15.          15.          15.          15.          15.        ]
 [ 15.          15.          15.          14.99717533  15.          14.99717533
   15.          15.          15.          15.          15.          15.
   15.          15.          15.          15.          15.        ]
 [ 15.          15.          15.          14.99331125  15.          14.99331125
   15.          15.          15.          15.          15.          15.
   15.          15.          15.          15.          15.        ]] m/s
Max SPL: 43.1231050564 dB
SPL: [[ 37.63183735  39.3108033   41.78201847  41.78911587  39.03228837
   38.42176208  42.11486538  40.68623632  37.41926598  39.52525289
   40.95712627  41.32946476]
 [ 36.4926836   38.48568119  41.78657613  41.85424157  38.93919669
   38.34195495  42.27422264  40.73562399  37.51334192  39.65607137
   41.06374089  41.41669705]
 [ 36.44568102  39.2245031   41.77828755  41.84793497  38.93106631
   38.33319705  42.3860741   40.66834046  37.43136968  39.53827371
   41.05355566  41.38608351]
 [ 36.63125139  38.60329079  41.82387477  41.94599071  39.0698749
   38.46107094  42.28515     40.68286042  37.48924277  39.67885387
   41.07256346  41.48922211]
 [ 36.61435995  38.73591776  41.60088537  41.72472335  39.17321696
   38.64618869  42.19627527  41.55029378  39.11494887  39.58792439
   40.9444477   41.33631877]
 [ 36.91057337  38.75473366  41.97340725  41.92518318  38.91439566
   38.34963538  42.28096947  40.91439092  37.62055851  39.73135549
   40.87180464  41.52264388]
 [ 36.49766867  38.49224988  41.78996035  41.86429643  38.90887105
   38.32894261  42.08264409  40.9967036   37.44325372  39.50446458
   40.94887688  41.32857206]
 [ 36.49710991  38.49059938  41.78558101  41.85993984  38.9381254
   38.33816527  42.11923061  40.69454113  37.44501498  39.44223798
   40.95646789  41.3299059 ]
 [ 37.62037475  39.29713927  41.76738671  41.77618005  39.03244103
   38.42373585  42.17606441  40.78427739  37.49570012  39.58863145
   41.00895969  41.36311523]
 [ 36.47835033  38.4767431   41.78189474  41.84949023  38.9250571
   38.32516205  42.10909493  40.69827841  37.44355413  39.54677087
   40.96967423  41.33813648]
 [ 36.44647678  39.22480141  41.7784491   41.84810324  38.93173209
   38.33398596  42.38903805  40.67062765  37.43734956  39.54534802
   41.06544213  41.4096938 ]
 [ 36.58115106  38.5159355   41.77655303  41.88474673  39.01606913
   38.42505347  42.48283242  41.26088294  37.90550348  39.9170417
   41.18607255  41.59467198]
 [ 36.64189719  38.77131578  41.62083758  41.7495895   39.19912442
   38.66752098  42.14162783  41.58521633  39.20608838  39.5461799
   40.92115159  41.31969707]
 [ 37.5183703   38.85870488  42.03854673  41.98341151  39.08053166
   38.54696221  43.12310506  42.76625828  39.0423692   40.63290644
   41.31572762  41.80714137]
 [ 36.54902163  38.52895356  41.86106997  41.93318601  38.9841956
   38.40798633  42.08805094  41.01442967  37.45460183  39.5123741
   40.95501366  41.33474253]
 [ 36.62888439  38.64922341  41.86467183  41.95889203  39.06555258
   38.45235855  42.11731472  40.68610439  37.44117353  39.44045998
   40.95644095  41.33033737]] dB
