
CONSTRAINT SATISFIED WITHIN LIMITS
APP: 7781.09006462 kW
Max SPL: 39.0104911643 dB
SPL: [[ 37.52332274  39.00001012  38.89892147  39.00001234  38.42979433
   37.84644486  39.00014257  38.98340923  37.17723777  38.77627125
   38.88132429  39.00046067]
 [ 36.67150483  39.00000089  38.86251131  39.00000013  38.90773399
   38.59193584  39.00000024  39.00000043  37.65984545  39.00000033
   39.00000011  39.00000007]
 [ 34.76109216  37.19966581  39.00000011  38.43671671  39.00000007
   38.93441469  39.00000002  39.00000003  38.99953798  39.00000001
   38.99870521  39.00000001]
 [ 35.80820854  38.99999921  38.10701663  38.32628817  38.99999647
   38.99999639  38.99962521  38.9610788   38.99957101  38.9996321
   38.24823681  38.99999934]
 [ 37.65301987  37.45593887  38.45406224  39.00000005  39.00000003
   38.52487242  38.99998863  37.32338607  38.26788161  38.99999749
   37.21370852  37.81425602]
 [ 37.74669602  37.12109869  38.56395425  39.          38.79984416
   37.94278881  39.00000001  37.82858467  38.50954977  38.99999998
   38.42358287  38.08325753]
 [ 38.12518661  38.55218495  38.69727052  39.00000001  39.00000003
   38.29478701  39.00000069  39.00000036  39.00000017  38.09282792
   39.00000031  39.00000027]
 [ 38.01878531  38.99999998  38.81459602  39.00000001  38.93313642
   38.34760384  38.49806803  39.0000001   38.62025235  38.1031352
   39.0000003   39.00000026]
 [ 37.52438814  38.99999996  38.88328637  39.          38.49339557
   37.92005904  39.00000018  39.00000031  37.34803829  39.00000017
   38.88358745  39.00000007]
 [ 36.64507976  39.00000001  38.90274076  39.00000025  38.94861771
   38.63014062  39.00000009  39.00000037  38.39024181  39.00000028
   39.00000006  39.00000003]
 [ 35.10558334  37.53976325  39.00000016  38.38691994  39.0000001
   38.91183506  39.00000088  39.00000007  38.99893004  39.00000076
   39.00000028  39.00000021]
 [ 35.99616385  39.00141689  38.27559744  38.48804773  39.01049116
   39.00939372  39.00247933  38.96815638  39.00160152  39.00192811
   38.43467088  38.97793332]
 [ 37.62177823  37.46996087  38.45509421  38.99999998  39.          38.56471297
   38.99999656  37.28255242  38.25607788  38.99999908  37.2490935
   37.88306146]
 [ 37.74996005  37.22143388  38.57156991  39.          38.78925525
   37.8943627   39.00000001  37.7874147   38.53873037  38.99999998
   38.37924101  38.14537621]
 [ 38.09306854  38.52094449  38.69879859  39.          38.97462754
   38.26989056  39.00000001  38.99999998  39.00000001  38.12173972  39.
   39.        ]
 [ 38.01767879  39.00000018  38.81248485  39.00000022  38.93518466
   38.3464095   38.42116854  38.99999999  38.60604791  38.16784986
   39.00000002  39.00000002]] dB

Wind Directions: [   0.    22.5   45.    67.5   90.   112.5  135.   157.5  180.   202.5
  225.   247.5  270.   292.5  315.   337.5] degrees
X-locations (initial): [ 1550.  1900.  2300.  2200.  2400.  2300.  2300.  2300.   220.   350.
   350.   100.   900.   900.   800.  1100.  1300.] m
X-locations (final): [ 1404.          1734.          2538.          2420.99293938  2538.
  2140.5544833   2260.49361914  2361.             0.           296.12639823
   230.02694997   246.949022    1000.          1000.          1000.          1000.
  1410.        ] m
Y-locations (initial): [ 4020.  4100.  3900.  3700.  3700.  3400.  3200.  3100.  1100.  1000.
   800.   600.  1000.   900.   600.   300.   200.] m
Y-locations (final): [ 4013.          4223.76664933  3540.10205975  3353.          3419.54888613
  3353.          3090.19288835  3023.          1410.          1410.
   689.25787721   400.          1210.          1116.           810.             0.
     0.        ] m
RPM: [[ 22.00044567  17.85157351  20.08707004  22.53305964  21.78450682
   22.29128179  22.81711795  22.93003728  22.60117929  22.34133379
   17.95362263  19.04524488  21.52945739  18.43464836  18.34356291
   20.14347092  21.57071013]
 [ 22.80019797  23.08948322  22.82171209  22.64188818  22.79631788
   22.2829998   22.84311927  22.90075407  23.25684024  22.75087304
   18.389276    19.23046242  19.89549637  18.28765381  19.45120035
   20.02055815  22.76589037]
 [ 20.02311796  22.69058634  24.85540249  23.25935933  24.16280047
   22.94149344  24.27122547  25.58811722  23.90471713  23.06519141
   18.0306097   18.53454701  19.74736416  18.15278759  19.93134574
   22.82119184  23.63506282]
 [ 21.31579767  22.13039878  23.25321262  23.10527934  23.24073039
   22.88691519  23.41737798  24.15041441  23.42896808  23.9071053
   17.58462883  17.52393038  20.26637284  18.45004451  18.15863979
   24.91179414  25.30995897]
 [ 22.98335151  19.01984528  22.92706645  23.04306509  23.124711
   23.05463519  24.26410235  25.20100683  22.76108975  22.70445677
   17.73630484  18.16037985  18.79888544  18.07526838  17.83713673
   23.26458013  23.35455991]
 [ 22.36915808  17.71678137  18.90041959  22.66310795  22.49130151
   22.83791053  22.98729306  23.05991524  22.67497815  20.00550265
   17.63661024  18.72492038  22.41636674  18.22564017  17.7332042
   22.83973183  23.12284749]
 [ 22.47660707  17.71968576  18.65257827  20.45484843  22.3793237
   20.30697984  22.85182127  22.93054307  22.83473689  23.01012115
   17.87171474  19.92547131  22.97305642  22.76863513  18.04769393
   19.21121147  20.59863659]
 [ 22.22618056  17.62489595  19.82655652  22.35319898  22.37895165
   18.36228245  22.75290579  22.85982263  22.37726405  22.72101636
   17.62715355  19.98584254  22.85884167  22.69329859  17.9696032
   18.31044232  20.15708202]
 [ 21.9588719   17.90250685  19.13505532  22.66143311  22.65297684
   22.3347742   22.85464759  22.97053165  22.30134566  22.32507436
   17.79349857  19.73352345  20.5699858   19.15321553  18.31181564
   20.07936663  21.58196585]
 [ 22.53789173  23.288859    22.92304049  22.78206042  22.89352206
   22.41173246  22.94218271  23.02147916  22.92442718  22.5612479
   19.43509121  19.4402433   18.49372554  18.24636337  19.64918514
   20.17171869  22.86254559]
 [ 20.18347386  22.70789668  24.47964313  23.29282475  23.90264929
   22.90174145  24.06172919  25.25113261  23.79683148  23.10118321
   18.06202786  18.49652931  19.9646036   18.30833387  19.92423297
   22.78286125  23.76448097]
 [ 20.90879591  22.22975285  23.30526552  23.24480849  23.27783042
   22.95025211  23.48927464  24.30067039  23.3930875   23.93014259
   17.59928484  17.5388143   20.38397964  18.39942685  18.31245756
   24.89744222  25.21147543]
 [ 22.91501035  18.86848381  22.86317659  22.98085457  23.06848923
   23.20431638  24.36257766  25.22789313  22.79749019  22.61369488
   17.72942888  18.15321623  18.83213039  18.0799333   17.83483693
   23.30531551  23.36920335]
 [ 22.35672584  17.70487623  18.83799741  22.654554    22.47021342
   22.8157382   23.0082107   23.00665506  22.67584975  20.03785464
   17.65159689  18.78535761  22.42694339  18.21727905  17.73305479
   22.85033884  23.13566531]
 [ 22.38671159  17.6314954   18.2135669   21.59730687  22.29781737
   20.00588667  22.78061541  22.86838469  22.88047254  23.12989178
   17.8940895   19.962043    22.9594997   22.79164746  18.13306209
   19.20230101  20.44684458]
 [ 22.22507676  17.62662193  19.8130811   21.8435192   22.38594348
   18.55853093  22.76667457  22.87026277  22.437179    22.7480711
   17.67986776  20.01177086  22.83773341  22.72676878  17.93657781
   18.24799101  20.18492061]]
Effective wind speeds: [[ 15.          15.          15.          15.          13.54369303  15.
   15.          14.98947484  15.          15.          14.98629542
   14.68478634  15.          13.12283912  13.84021084  14.70023512
   14.9804031 ]
 [ 15.          15.          15.          14.58327369  14.99875583  15.
   14.87721958  14.25647704  15.          14.96018979  14.97646001
   14.98801506  15.          14.94466449  14.9780584   14.95236561
   14.99998304]
 [ 15.          15.          15.          14.4422107   15.          15.
   14.91112661  15.          14.99894708  14.96526188  14.99897315
   14.8793478   15.          15.          15.          15.          15.        ]
 [ 15.          15.          15.          14.14147315  15.          14.67412051
   15.          15.          15.          15.          15.          14.99991394
   15.          15.          15.          15.          15.        ]
 [ 15.          15.          15.          15.          15.          13.77587717
   15.          15.          13.87415797  15.          15.          15.
   15.          15.          15.          14.16723147  15.        ]
 [ 14.8988819   15.          15.          15.          15.          15.
   13.7413244   15.          15.          14.8180314   15.          14.99321591
   15.          15.          15.          15.          15.        ]
 [ 14.82726179  14.82647261  15.          15.          15.          14.99973488
   14.51797145  15.          14.94227033  14.99814911  14.9941389   15.
   15.          15.          15.          15.          15.        ]
 [ 15.          14.95949582  14.88394696  15.          15.          14.18702484
   15.          15.          14.98731853  14.99917836  15.          15.
   14.51603393  14.92881719  14.99668528  15.          15.        ]
 [ 14.98127126  14.99998769  13.05472301  14.98900189  15.          15.
   15.          15.          15.          14.9316608   14.60761403  15.
   13.3462995   14.32815839  14.78200011  15.          15.        ]
 [ 14.96113803  14.98264039  14.56420935  14.87942008  14.24619283
   14.98388661  14.97800909  14.99245343  15.          15.          15.
   15.          14.95645097  15.          15.          15.          15.        ]
 [ 15.          15.          14.97358961  14.99885071  14.47581996
   14.98324644  14.99970213  14.99955117  15.          15.          15.
   15.          14.96427629  14.88083478  15.          15.          15.        ]
 [ 15.          15.          14.68361754  15.          14.14113505  15.
   15.          15.          15.          15.          15.          15.
   15.          15.          14.99992253  15.          15.        ]
 [ 15.          15.          15.          13.75648993  15.          15.
   15.          15.          15.          13.86358597  15.          15.
   15.          15.          15.          15.          14.17115537]
 [ 15.          15.          14.84574     15.          14.99857644  15.
   15.          13.74769523  15.          15.          15.          15.
   14.99995484  14.76369161  15.          14.99690635  14.99729359]
 [ 15.          15.          14.9989805   15.          14.90747401
   14.98745058  14.90487276  14.50152947  15.          15.          15.
   15.          15.          15.          14.99651238  14.99522089
   14.92594644]
 [ 15.          15.          15.          15.          14.91376598
   14.97423515  14.51152906  14.99991817  15.          15.          14.97605617
   15.          15.          14.51429287  15.          14.9985715
   14.89760063]] m/s
