
CONSTRAINT SATISFIED WITHIN LIMITS
Wind Directions: [   0.    22.5   45.    67.5   90.   112.5  135.   157.5  180.   202.5
  225.   247.5  270.   292.5  315.   337.5] degrees
AEP: 44845715.8933 kWh
X-locations (initial): [ 1550.  1900.  2300.  2200.  2400.  2300.  2300.  2300.   220.   350.
   350.   100.   900.   900.   800.  1100.  1300.] m
X-locations (final): [ 1404.          1761.77287259  2538.          2444.51935807  2538.
  2332.00923582  2134.57591736  2361.           124.11703491     0.             0.
   244.46318954  1000.          1000.          1000.          1217.48080106
  1403.85605027] m
Y-locations (initial): [ 4020.  4100.  3900.  3700.  3700.  3400.  3200.  3100.  1100.  1000.
   800.   600.  1000.   900.   600.   300.   200.] m
Y-locations (final): [ 4019.75614725  4393.          3468.73451369  3362.88029229  3353.          3353.
  3023.          3023.          1410.          1410.          1316.           400.
  1210.          1116.           769.92268118     0.             0.        ] m
RPM: [[ 21.50437067   1.22440538  21.60001776  23.57063623  21.64436483
   21.89524366  26.52024839  26.42680122   2.11154706  22.30791906
   17.47212338   1.20605256   1.17916724   0.7443651    0.46728496
   21.12445758  21.35524352]
 [ 21.62228487  12.81193948  22.45983374   2.94514057  24.630501
   23.68351133  26.57525474  24.96125725   1.77403035  22.53208096
   22.0093441    1.38686618   0.87271777   0.69240455   0.54003712
   21.11645937  21.39623403]
 [ 15.40762316   0.64839406   4.45325289   3.522596    25.74826883
   25.71767623  26.64845463  26.8760575    1.4023562   22.27085644
    1.86194441   1.29611073   0.81573929   0.6626968    0.4863967
   21.31994267  21.65535322]
 [ 21.71230509   1.05849824   2.80203414  21.86830744  26.36814501
   22.49046922  26.67348508  26.70039836   1.80182495  23.06132071
    4.81498832   1.37562498   0.87487501   0.69784655   0.50638372
   21.28583443  21.65323785]
 [ 22.25179483   1.20942942  23.51886234  19.18445679  23.69009316
   19.23931537  21.75712244  26.46384356  23.51846035   2.47239274
    2.29188941   1.58032222   0.99028077   0.80274036   0.58555176
   17.90532784  22.16113664]
 [ 21.82382192   1.15913068  22.17328653  21.85585774  23.71471839
   22.22977978  25.75154359  26.47478658  20.04616998  21.40842481
   21.15359032   0.9512672    0.58607133   0.47862298   0.36111336
   19.04594972  21.14604191]
 [ 21.78883031   1.10760863  21.98117591  22.34994126  23.75196706
   21.88833364  26.4544813   26.54209516   2.25622884  23.76024741
    2.509633     1.70855548   1.07383689   0.82711974   0.54427483
   21.17920354  21.39558964]
 [ 21.89150859   1.12189123  21.89378465  22.39246783  23.75213002
   21.93500931  26.52639631  26.58389828   2.5044277   24.54072645
    2.6674768    1.90651048   1.2043026    1.06689808   0.67128366
    1.89390146  23.16320844]
 [ 21.44171048  19.00916073  17.70598437  22.32149393  23.70580826
   21.84509864  25.64873448  26.50557163  21.2590109   21.74083145
    1.47909648   1.15339697   0.7296669    0.75481459   0.55214695
    1.8846508   23.17839543]
 [ 21.79819528   1.10853546  21.84402168  23.57528874  22.79285917
   22.10928223  25.80184963  26.49928105   2.8781239   24.78349991
    3.15588283   1.99673693   1.25377004   1.00836498   0.67335859
   21.08002303  21.40506372]
 [ 20.98254254   0.70346351  21.970367    21.88681204  24.44227663
   23.74138203  26.55900953  26.68667998   1.32525053  22.28262071
    2.09780075   1.36177474   0.81967796   0.65951647   0.4881918
   21.31934662  21.6619055 ]
 [ 21.74518103   1.05654676  22.22059185  21.71458615  24.0014087
   22.18072885  26.58274645  26.60323898   1.69762924  23.45393915
    1.88182395   1.33550447   0.83169013   0.66298995   0.5157328
    2.01354798  23.56865659]
 [ 22.35613242   1.33984948  24.75409382  21.83338497  20.85610722
   22.44739584   3.974142    26.82632431  22.43461722   1.40310551
    1.38870128   0.34549453   1.6233222    1.32949143   0.97538423
   24.77209049   3.48624215]
 [ 21.81798214   1.1541035   22.17607431  21.88389949  23.6112163
   22.21004797  26.48844809  25.80745776  19.95443437  21.37652236
   21.10085408   0.96258931   0.58197915   0.47410248   0.37590841
    1.453268    21.63661346]
 [ 21.7705276    1.15271154  21.80806967  23.36520331  23.66401686
   21.74937748  25.4001188   26.37658184  20.83114832  21.17748645
   19.83911437   0.89333743   0.55988317   0.43545935   0.35814994
    1.78923754  23.31883213]
 [ 21.80879411   1.10400838  22.0543754   22.39652923  23.69573394
   22.09230885  25.7664531   26.5534807    4.54120627  22.26366099
   21.79494565   1.3554743    0.92542084   0.76802674   0.53034354
    1.89017751  23.18758544]]
Effective wind speeds: [[ 15.          15.          15.          15.          13.23341531  15.
   15.          14.83251282  15.          15.          12.95910539  15.
   15.          14.99117407  14.99614911  14.99953958  14.98145417]
 [ 15.          15.          15.          14.87194973  14.9965922   15.
   14.96079978  14.34256544  14.99934466  15.          14.92516144
   14.99990679  15.          14.99976863  14.99923185  14.9719638
   14.99968214]
 [ 14.99899599  15.          15.          14.97738424  15.          14.99996207
   14.89681922  15.          14.99909642  15.          14.99356134
   14.99950686  15.          15.          15.          15.          15.        ]
 [ 15.          15.          15.          14.81328782  15.          14.4505487
   15.          15.          15.          14.99940206  14.9997821
   14.99997795  15.          15.          15.          15.          15.        ]
 [ 15.          15.          15.          12.5258401   15.          12.86378053
   13.12284308  15.          15.          12.90649723  14.99999664  15.
   15.          15.          15.          13.49117489  15.        ]
 [ 14.99077919  15.          15.          14.60696706  15.          15.
   15.          15.          14.9999901   14.99980651  14.99999972
   14.87036127  15.          15.          15.          15.          15.        ]
 [ 14.8260726   14.99783979  15.          15.          15.          15.
   15.          15.          14.99775589  14.93631201  14.97103108  15.
   15.          15.          15.          15.          15.        ]
 [ 15.          14.87560064  14.81776165  15.          15.          15.
   15.          15.          15.          14.99525813  15.          15.
   14.99498164  14.92630646  14.99812724  15.          15.        ]
 [ 14.97793004  15.          12.81462169  15.          15.          14.75628086
   15.          15.          15.          14.98880521  15.          15.
   14.99427729  14.99817599  15.          15.          15.        ]
 [ 14.9999921   14.99999585  14.23793465  14.99546054  14.58742972
   14.95409864  14.99999867  14.99905118  15.          14.99909423  15.
   15.          14.99973131  15.          15.          15.          15.        ]
 [ 15.          14.62763021  13.71915596  14.61241145  14.89224705
   14.99999456  15.          15.          14.9901935   15.          15.
   15.          14.99967398  14.99904134  15.          15.          15.        ]
 [ 15.          15.          14.78272099  14.44840941  14.8617256   15.
   15.          15.          14.90084833  15.          15.          15.
   15.          15.          14.99994004  15.          15.        ]
 [ 15.          15.          15.          13.71396946  12.09045926  15.
   15.          14.97843521  14.99036509  15.          15.          15.
   14.99999521  15.          15.          15.          13.08483998]
 [ 15.          15.          14.99112285  15.          14.672593    15.
   15.          15.          14.99977324  15.          15.          15.
   15.          14.99558796  14.99980619  14.99932577  14.99998474]
 [ 15.          15.          14.99999056  15.          15.          15.
   15.          14.88227045  15.          15.          15.          15.
   15.          15.          15.          14.97845938  14.93674755]
 [ 15.          15.          15.          15.          14.84589976  15.
   15.          14.99964067  15.          15.          14.54198421  15.
   15.          14.99845312  15.          14.99999761  14.99981185]] m/s
Max SPL: 43.0052194802 dB
SPL: [[ 41.24624329  42.65495286  42.99996608  43.00002103  42.37190252
   41.92123981  42.9999973   42.37455064  42.38399409  42.70327071
   42.77795015  43.00002581]
 [ 40.94775962  43.00020623  42.83957176  43.00042382  42.43302067
   41.98484079  43.00163269  42.68376711  42.3859587   42.79110464
   42.84057703  43.00051002]
 [ 40.72271724  43.00005436  42.91725357  43.00008117  42.36265589
   41.93084834  43.00007896  42.05534761  42.41752177  42.66393614
   42.95114998  43.00001625]
 [ 40.82412395  43.00006602  43.00016185  43.00019823  42.50755398
   42.07103634  43.00006708  42.20980897  42.49594012  42.81140796
   42.83128184  43.00060055]
 [ 41.20023454  43.00007403  43.00019544  43.00019634  42.28131428
   41.83175938  43.00002399  42.39550235  42.90507713  42.70213469
   42.8400061   43.00006411]
 [ 41.12211684  43.00023539  42.90205481  43.00085505  42.60139543
   42.03281173  43.00009339  42.43046819  42.44790948  42.60088669
   42.35288233  43.00015359]
 [ 40.98301722  43.00005976  42.83934009  43.00013732  42.49288428
   42.04308704  42.99999672  42.79761025  42.54243553  42.67348679
   42.81660625  43.00027421]
 [ 41.0190973   42.99244939  42.8392885   43.00166041  42.53610989
   42.08728151  43.00008593  42.51039861  42.56633645  42.87462109
   42.77396232  43.00006294]
 [ 41.36776373  42.82603976  43.00345606  43.00353136  42.32809466
   41.87724751  43.00158023  42.22766787  42.34777428  42.67636806
   42.71363005  43.00050491]
 [ 40.9917915   43.00047638  42.83883684  43.00148149  42.48071261
   42.03252246  43.00098261  42.55366038  42.39064547  42.79969395
   42.84638112  43.00521948]
 [ 40.76460364  43.00124062  42.92654538  43.00296768  42.40052344
   41.96747562  43.00026389  42.06037828  42.42053026  42.66567004
   42.95190626  43.00023178]
 [ 40.82211256  43.00030153  43.00078692  43.0008696   42.48318762
   42.04622749  43.00014239  42.22021908  42.49326201  42.79529367
   42.77046373  43.00091644]
 [ 41.30820644  43.00004651  42.95017856  43.00012446  42.21324624
   41.72204075  43.00003409  42.5220678   43.00002055  42.7284813
   43.00003447  43.00010297]
 [ 41.12179601  42.99998638  42.9000245   42.99990274  42.6140345
   42.0460877   43.0000313   42.42669877  42.51798413  42.643758
   42.34788798  42.99999933]
 [ 40.97425791  42.99624855  42.84248278  43.0012327   42.45345036
   42.00102369  43.00007935  42.76738198  42.50062096  42.63754597
   42.74539736  43.00003055]
 [ 40.99398814  43.00002065  42.83973748  43.0000212   42.48345752
   42.03301867  43.0001934   42.59402459  42.55096222  42.8639901
   42.77053106  43.00002662]] dB
