
CONSTRAINT SATISFIED WITHIN LIMITS
Wind Directions: [   0.    22.5   45.    67.5   90.   112.5  135.   157.5  180.   202.5
  225.   247.5  270.   292.5  315.   337.5] degrees
AEP: 97412290.1365 kWh
X-locations (initial): [ 1550.  1900.  2300.  2200.  2400.  2300.  2300.  2300.   220.   350.
   350.   100.   900.   900.   800.  1100.  1300.] m
X-locations (final): [ 1467.57895532  1777.37182627  2495.6581712   2222.89726388  2534.43695156
  2261.96731401  2300.23604256  2337.76811134    51.66016106   194.48238857
   275.88492743   131.97929169   963.77670781  1000.           867.39805794
  1189.30517378  1410.        ] m
Y-locations (initial): [ 4020.  4100.  3900.  3700.  3700.  3400.  3200.  3100.  1100.  1000.
   800.   600.  1000.   900.   600.   300.   200.] m
Y-locations (final): [ 4178.98719891  4242.07865843  3870.42968016  3701.16442835  3630.17144465
  3467.74083074  3241.98088546  3023.          1410.          1181.43136152
   705.54898214   615.91976479  1210.           890.2695421    691.0153127
    51.7159198      0.        ] m
RPM: [[ 28.1107429   28.18606893  28.24181538  28.20292566  28.15335201
   28.15373811  28.15089041  28.13777505  27.69363873  27.11426515
   26.85190371  26.69518934  27.95094661  27.65590498  27.6166175
   28.1080324   28.13118919]
 [ 28.30748008  28.30891587  28.31094536  28.30869019  28.30638326
   28.2648827   28.27852963  28.26450577  27.99437857  27.66710652
   27.07641769  26.86185797  27.72644541  27.35276321  26.75684883
   27.92752566  28.09061034]
 [ 28.13781668  28.1588994   28.17254619  28.13123825  28.22743737
   28.2343691   28.26473229  28.27945396  27.93338659  27.64637907
   27.06748318  26.88966663  27.71950586  27.54598977  27.28891406
   28.13521751  28.18288426]
 [ 28.24646102  28.29879586  28.30688707  28.29357738  28.30441725
   28.273406    28.29577962  28.29189654  27.90821977  27.53426152
   26.95826324  26.98658901  27.50229189  27.17090109  26.94526913
   28.08415062  28.14681103]
 [ 28.25128106  28.18965876  28.19646979  28.12375662  28.24149657
   28.23747795  28.26292289  28.27710402  27.97091957  27.3376057
   26.44273152  27.10356013  27.6304872   27.45439092  27.05360735
   28.00197938  28.17821723]
 [ 28.20053741  28.04122895  28.08156928  27.95003105  28.17923201
   28.16921626  28.22868122  28.24923483  27.90342549  27.3947401
   26.73876162  27.16739762  27.60324649  27.30150567  26.95495414
   27.87204139  28.1071396 ]
 [ 28.13221599  28.13132588  28.19281522  28.11962112  28.23560308
   28.23868371  28.24294504  28.2699054   27.75014054  27.36753154
   26.64194169  26.94633114  27.88246698  27.68655096  27.18060511
   28.04140558  28.11739785]
 [ 28.11612152  28.14971091  28.22973287  28.1597053   28.28838331
   28.12442883  28.06729011  28.28623038  27.77308501  27.40909493
   26.93573615  26.67172375  27.5669175   27.36452061  27.32359438
   28.12176626  28.16556825]
 [ 28.09360392  28.2347692   28.16942343  28.16194631  28.29322074
   28.16018674  28.14351967  28.29279248  27.69529528  27.10000468
   26.8458626   26.69695549  27.82934908  27.82430168  27.57898977
   28.07471257  28.15974691]
 [ 28.22834776  28.24553664  28.25178283  28.21665131  28.27459373
   28.29997055  28.29868652  28.25315633  28.01292644  27.76415445
   27.10864671  26.84527148  27.76356234  27.15789945  26.8175796
   27.87008978  28.04183456]
 [ 28.12988171  28.18404417  28.14559797  28.16495746  28.21156688
   28.24623344  28.18792852  28.285017    28.04068267  27.80331168
   26.71206681  26.92777898  27.83556378  27.63803865  27.28616748
   28.06890091  28.15528435]
 [ 28.25833354  28.26152963  28.29881425  28.30274082  28.28044469
   28.30005573  28.29705818  28.29353478  27.92173167  27.56896
   26.65382801  27.01293134  27.55988506  27.25817719  27.03746555
   28.1013015   28.15854434]
 [ 28.24532044  28.19121648  28.19829235  28.12804326  28.23966392
   28.23174589  28.26585656  28.27976265  27.90864866  27.52415034
   26.93828631  26.96328412  27.50120345  27.64251798  26.56622213
   28.14626281  28.06234   ]
 [ 28.20439513  28.06562342  28.05470364  27.95385636  28.17002599
   28.16890723  28.22891107  28.24454957  27.872557    27.49498467
   26.75190635  27.10781631  27.6207396   27.1927326   27.00208114
   28.03321282  27.9593028 ]
 [ 28.12322155  28.15078751  28.2026483   28.11229093  28.24216614
   28.22164917  28.22539755  28.26832242  27.82194018  27.37649189
   26.68462043  26.88605093  27.84186729  27.65937766  27.2125921
   28.05741299  27.86385859]
 [ 28.11096673  28.17082918  28.22765991  28.17729363  28.21260077
   28.14985333  28.11381448  28.03749354  27.83874152  27.4109529
   26.90502492  26.68456947  27.66747854  27.4472462   27.22632341
   28.0889331   27.9051453 ]]
Effective wind speeds: [[ 15.          15.          15.          15.          14.93567357
   14.94034767  14.92990863  14.91923566  15.          15.          15.
   14.97587187  15.          14.89096386  15.          14.99960708
   14.97345283]
 [ 15.          15.          15.          15.          15.          14.98099926
   14.98930454  14.9852196   14.99993982  14.95724881  14.96836182
   14.9986437   14.99954792  14.95394775  14.81562485  14.97956579  15.        ]
 [ 15.          15.          15.          14.99976552  15.          15.
   15.          15.          14.95996879  14.94478536  14.99913122
   14.50486699  15.          15.          14.99296807  15.          15.        ]
 [ 14.98755939  15.          15.          14.99547372  15.          14.98736124
   15.          15.          15.          15.          15.          14.63212209
   15.          15.          15.          15.          15.        ]
 [ 15.          15.          15.          14.99895181  15.          15.
   15.          15.          15.          14.80928559  14.37270405
   14.99820366  15.          15.          15.          14.92515335  15.        ]
 [ 14.99555295  14.98361291  15.          14.996979    15.          15.
   15.          15.          14.99958141  14.91171014  15.          14.99134342
   15.          15.          15.          14.90463826  15.        ]
 [ 14.98072378  14.98555858  15.          15.          15.          15.
   15.          15.          14.89778882  14.87335225  15.          15.
   15.          15.          14.99949421  15.          15.        ]
 [ 15.          14.96212814  14.97366832  14.94427021  15.          14.91377304
   14.88063286  15.          14.96044673  15.          15.          15.
   14.88594628  14.9025287   14.9871112   15.          15.        ]
 [ 14.97344339  15.          14.93566818  14.94033624  15.          14.92990596
   14.91923479  15.          14.99878427  14.97625758  15.          15.
   14.8911189   15.          15.          15.          15.        ]
 [ 14.95740959  14.96893251  14.97971791  14.95238987  14.98315614
   14.9988473   14.99926783  14.97966009  15.          15.          15.
   15.          15.          14.81949317  15.          15.          15.        ]
 [ 15.          15.          14.96183448  14.98888386  14.97879045
   14.99549199  14.94923397  14.99856945  15.          15.          14.5071532
   15.          15.          14.99300917  15.          15.          15.        ]
 [ 15.          14.98756007  14.99547374  15.          14.98736128  15.
   15.          15.          15.          15.          14.63155403  15.
   15.          14.99152696  15.          15.          15.        ]
 [ 15.          15.          15.          15.          14.99895226  15.
   15.          15.          15.          15.          15.          15.
   14.80966578  15.          14.37507101  15.          14.92516371]
 [ 15.          15.          14.98361463  15.          14.99462612  15.
   15.          15.          15.          15.          15.          15.
   15.          14.91131571  15.          14.99883048  14.90431235]
 [ 15.          15.          15.          14.98555632  15.          14.98983165
   14.98363414  15.          15.          14.99063194  15.          15.
   15.          15.          14.99255614  14.99527545  14.8389516 ]
 [ 15.          15.          15.          15.          14.97367131
   14.94428574  14.91377435  14.87477634  15.          14.98581261
   14.9622539   15.          15.          15.          15.          14.98729855
   14.85101821]] m/s
Max SPL: 49.5001944185 dB
SPL: [[ 45.92346074  49.50000001  49.40529337  49.50000005  45.44970201
   44.80435153  49.5         49.5         49.42845599  49.5         49.5
   48.01295512]
 [ 46.26139765  49.46693832  49.33247539  49.4772107   45.93468458
   44.91355709  49.5         49.43905472  49.5         49.41280368  49.5
   47.86729384]
 [ 45.80144511  49.50000006  49.50000027  49.42452589  45.34524048
   44.81343271  49.50000001  49.50000001  49.49594906  49.50000001
   49.49997792  47.96759468]
 [ 46.0054654   49.49625004  49.42883664  49.48618863  45.40351965
   44.86969733  49.50000361  49.30672978  49.50000258  49.50000294
   49.23253733  47.95644268]
 [ 46.1244645   48.70704645  49.37777526  49.50000066  45.57145806
   44.91732866  49.50000002  49.4521358   49.50000001  49.46012706
   49.07329823  47.851599  ]
 [ 45.9651425   49.49406326  49.41079094  49.50000001  45.41300151
   44.91850525  49.5         49.5         49.45605828  49.5         49.33053508
   48.01035095]
 [ 45.93861761  49.50000168  49.40419312  49.50000906  45.33574396
   44.80180769  49.50000027  49.50000026  48.43163524  49.50000022
   49.39350167  47.96337379]
 [ 45.92981356  49.5         49.40566194  49.5         45.31750635
   44.78395473  49.5         49.5         49.5         49.41110126
   49.40987509  47.96363422]
 [ 45.92425003  49.50000218  49.40399397  49.50000175  45.46219823
   44.81458294  49.50000002  49.50000002  49.42946018  49.50000002
   49.50000002  48.01860585]
 [ 46.20894593  49.40902314  49.29016877  49.4342665   45.9061073
   44.88046349  49.5         49.45106898  49.5         49.4180428   49.5
   47.84524742]
 [ 45.79969717  49.50004299  49.50019442  49.42649661  45.34389002
   44.81208851  49.50000688  49.49572899  49.50000452  49.45552292
   49.50000584  47.96097447]
 [ 46.00980551  49.50000001  49.42594062  49.48337318  45.4053777
   44.87172973  49.5         49.28567268  49.5         49.46642573
   49.25482972  47.97321879]
 [ 46.1222111   48.70146148  49.37796722  49.50015811  45.56808178
   44.9136277   49.50000598  49.5000052   49.50000428  49.50000488
   49.00041566  47.83456358]
 [ 45.96897086  49.49936601  49.40973187  49.50003415  45.41399186
   44.91868674  49.50000496  49.50000346  49.44155205  49.50000381
   49.33903858  48.01458271]
 [ 45.93782426  49.5         49.40441856  49.50000002  45.33340738
   44.79937765  49.5         49.5         48.41969438  49.5         49.38951097
   47.9347877 ]
 [ 45.92768478  49.5         49.40463969  49.5         45.30973459
   44.7754392   49.5         49.5         49.5         49.40004201
   49.38231424  47.92548759]] dB
