
CONSTRAINT SATISFIED WITHIN LIMITS
Wind Directions: [   0.    22.5   45.    67.5   90.   112.5  135.   157.5  180.   202.5
  225.   247.5  270.   292.5  315.   337.5] degrees
AEP: 81811140.357 kWh
X-locations (initial): [ 1404.          1734.          2538.          2415.96421987  2505.10447115
  2321.96421987  2135.2918774   2361.           119.89832023     0.
   186.84783824   214.97419027  1000.          1000.          1000.
  1094.70569636  1409.99999303] m
X-locations (final): [ 1404.          1766.41772179  2530.66615486  2315.23088319  2459.4452241
  2127.60943632  2200.50058125  2361.           130.40012501     0.
   176.2517588    208.80517759  1000.          1000.          1000.
  1095.76214895  1399.85747747] m
Y-locations (initial): [  4.04731214e+03   4.19918841e+03   3.60297066e+03   3.35300000e+03
   3.46378507e+03   3.35300000e+03   3.02300000e+03   3.05309170e+03
   1.41000000e+03   1.41000000e+03   6.61915406e+02   5.72150318e+02
   1.21000000e+03   1.11600000e+03   7.82442159e+02   0.00000000e+00
   3.25217082e-12] m
Y-locations (final): [ 4039.74881917  4319.22862335  3634.3493675   3379.11970376  3353.          3353.
  3023.          3040.80405761  1410.          1410.           647.36619281
   559.18298503  1210.          1116.           773.00313311     0.
    25.78670848] m
RPM: [[ 26.45657128  23.76074037  25.46919851  26.70203849  26.84750733
   26.71243052  27.18455874  27.1961303   26.39541428  26.4573972
   16.10393013  12.6844257   23.89598866  18.95883649  19.06912055
   26.88232296  26.9593769 ]
 [ 26.72680417  23.77027385  26.70861538  26.86526777  26.97118091
   26.8763347   27.1114854   27.06349819  26.80454396  26.9821753
    3.30359336   3.793701    24.37207818  23.53846582  22.01204936
   26.84326007  26.95923913]
 [ 25.57821424  23.53501285  26.9342312   26.81679653  27.16376717
   27.07743966  27.5909965   27.62670766  26.526664    26.92358795
    2.94185747   3.26858523  24.02073324  22.26993134  21.7866591
   27.28992228  27.42870098]
 [ 26.45355443  23.5537388   26.90958215  27.0608873   27.26772401
   26.88120542  27.21084456  27.57714041  26.81820704  26.91859257
    3.42308143   3.73990597  24.55153312  22.71958545  21.81160077
   26.97193682  26.99796574]
 [ 26.44810066  24.11238627  27.90913103  25.3695342   27.48338975
   25.19611316  26.26356795  27.85482007  26.55181713  21.34035232
    1.04814604  14.05505944  24.51679991  23.72702349  21.83501196
   26.7855594   27.36594727]
 [ 26.57158197  23.56492112  26.60017532  26.58669142  26.83062338
   26.81733774  27.34122543  27.27643946  26.83756211  27.01252162
    3.53255797   3.80948154  24.30523536  23.5678821   21.33599771
   26.51444698  26.44173694]
 [ 26.38423084  23.65669898  26.73484174  26.92411991  26.99580819
   26.81401913  27.3086493   27.4348272   25.60431794  26.46882086
    1.20809494  21.79903447  24.51169544  22.66500944  21.85285538
   26.99030365  27.06390289]
 [ 26.59318868  23.48616262  26.71565911  26.9080326   27.06173202
   26.83777306  27.45344382  27.50836841  26.84055674  26.99726096
    1.90373497  21.86698704  24.07852288  23.70031582  21.74869668
   26.91456861  27.01758598]
 [ 25.70819877  24.0554693   25.56275173  26.7248405   26.88270585
   26.74620723  27.29308477  27.30441306  26.91533951  27.01459145
    1.08011859  15.45388663  21.63972899  22.15003868  22.37145277
   26.92402124  26.99133387]
 [ 26.70049898  23.77128934  26.70896557  26.69693257  26.78981177
   26.8781059   27.43889476  27.38823387  26.81132504  26.99064574
    3.32453918   3.6361451   24.39310167  23.59647263  21.87193245
   26.93961198  26.9655583 ]
 [ 25.58366114  23.5224225   26.72116361  27.09631221  27.19056614
   27.04750145  27.61958652  27.64420467  26.56061539  26.92454965
    2.93206608   3.25777262  24.00509959  22.26405274  21.79961208
   27.13487093  27.52077053]
 [ 26.44830879  23.55820245  26.91784708  26.92900347  27.26538978
   27.02273616  27.54059026  27.20198259  26.46775471  26.82156743
    1.07318188  15.27641417  24.46228501  22.45779629  21.71309103
   26.89449702  27.15667659]
 [ 26.50821103  24.10150037  27.53637751  26.82578024  24.06155537
   27.21031661  27.67809532  26.14735297  22.45461599  24.25923386
    1.08344296  14.21528241  25.44537729  24.1417025   22.30442841
   26.93817887  26.69284984]
 [ 26.57897998  23.55758374  26.58705866  26.79212954  26.61702108
   26.81293755  27.33219024  27.28064034  26.82310634  26.99525173
    3.44451539   3.65116942  24.2515448   23.54082079  21.33940049
   26.53556882  26.46812352]
 [ 26.43952941  23.59547813  26.81778499  26.99917029  27.06765703
   26.76459946  27.3599501   27.20953068  24.74333524  26.46037433
   18.76001651  21.53183295  24.039258    23.46196944  21.73655846
   27.04303049  27.06440341]
 [ 26.53168794  23.50526895  26.75807873  26.94367368  27.09544946
   26.71310506  27.44076983  27.50676437  26.60645571  26.69439755
   21.66658055   2.02964739  24.66060802  22.75094379  22.19226526
   26.92076992  26.85181962]]
Effective wind speeds: [[ 15.          15.          15.          15.          14.9997951   15.
   15.          14.9862919   15.          15.          14.95819473
   14.94048205  15.          12.62106571  13.75431251  14.99816169
   14.97181074]
 [ 15.          15.          15.          15.          14.96650525  15.
   14.78698865  14.73832537  14.99889513  15.          14.97737882
   14.97720233  15.          14.91139696  14.94818014  14.9391088   15.        ]
 [ 14.97084239  15.          15.          14.73110959  15.          15.
   14.99042693  15.          14.94530735  14.99835613  14.9989403
   14.99763433  15.          15.          15.          15.          15.        ]
 [ 15.          15.          15.          15.          15.          14.86009558
   14.78485128  15.          15.          14.92618517  15.          14.99992134
   15.          15.          15.          15.          15.        ]
 [ 15.          15.          15.          13.61455278  15.          13.5453703
   14.02183989  15.          15.          12.45842803  15.          15.
   15.          15.          15.          14.64121389  15.        ]
 [ 14.98357213  15.          15.          14.75608851  15.          15.
   15.          15.          14.99269126  15.          14.99622295
   14.82412566  15.          15.          15.          15.          15.        ]
 [ 14.74329978  14.98635452  15.          15.          15.          14.94613166
   15.          15.          14.9835707   14.89964553  14.70296992  15.
   15.          15.          15.          15.          15.        ]
 [ 15.          14.77216808  15.          15.          15.          14.97960661
   15.          15.          15.          15.          12.88563706  15.
   14.46281963  14.86645823  14.99890182  15.          15.        ]
 [ 14.97119431  15.          14.99977909  14.98601836  15.          15.
   15.          15.          14.99942743  15.          14.94897783  15.
   12.57512273  14.0627601   15.          15.          15.        ]
 [ 14.99889142  14.99961537  14.95455578  14.7836672   14.73311792
   14.96501472  14.99887552  14.95878386  15.          15.          15.
   15.          14.91696405  15.          15.          15.          15.        ]
 [ 15.          14.96586989  14.72967869  14.99875795  14.99032555
   14.94637446  15.          14.99999145  15.          15.          15.
   15.          14.99997432  15.          15.          15.          15.        ]
 [ 15.          15.          15.          14.86026343  15.          15.
   15.          14.78500226  14.92617577  15.          15.          15.
   15.          15.          14.99997237  15.          15.        ]
 [ 15.          15.          15.          14.57088729  13.04276767  15.
   15.          14.02429279  12.81329889  15.          15.          15.
   15.          15.          15.          15.          14.64560827]
 [ 15.          15.          14.98358749  15.          14.7564461   15.
   15.          15.          15.          15.          15.          15.
   15.          14.99089145  15.          15.          14.99815814]
 [ 15.          15.          14.9889855   15.          15.          14.81875287
   15.          14.81984264  15.          15.          15.          14.79770866
   15.          15.          15.          15.          14.90095044]
 [ 15.          15.          15.          15.          15.          14.81899505
   14.97940219  14.98868284  15.          15.          15.          12.93108518
   15.          14.42974868  15.          15.          14.89261651]] m/s
Max SPL: 46.00371491 dB
SPL: [[ 43.8670088   45.97196245  46.00010133  45.88184108  45.01584735
   44.44897304  46.00030566  46.00006584  46.00004942  45.56560207
   45.90684009  46.00012778]
 [ 43.96778892  46.00000511  45.80766053  46.00000257  45.06140525
   44.50489648  46.00000691  45.66560336  45.95727199  45.49107334
   45.85697934  46.00000057]
 [ 43.72528579  46.00000084  46.00000081  46.00000093  44.88657343
   44.40038659  46.00000092  45.36216847  45.54049716  45.61218859
   45.84084119  46.00000018]
 [ 43.79094575  46.00000196  45.91674411  46.00000203  44.99743199
   44.51598566  46.00000027  45.61951766  45.59222065  45.77623609
   45.99979142  46.00000208]
 [ 43.94490984  46.00000598  45.90299263  46.00000552  44.80728968
   44.39626561  46.00015334  45.74457282  46.00010303  45.6043106
   45.79324489  45.99843706]
 [ 44.02970603  46.00000264  45.88842333  46.00000242  45.19248962
   44.55019643  46.00001065  45.6509967   45.5214755   45.47098743
   45.62490993  46.00004369]
 [ 43.89431251  46.0000035   45.81207297  46.00000871  44.97723742
   44.48483336  46.00000763  46.00000208  45.89471262  45.99953961
   45.8710215   46.00001072]
 [ 43.92775221  46.00000241  45.81186076  46.0000026   45.0179032
   44.52729491  46.00000889  45.62239677  45.08630542  46.00003319
   45.86140549  46.00000684]
 [ 43.7449227   45.91312149  46.00000252  45.90326747  44.94080194
   44.37333335  46.00000137  45.81390664  46.00000034  45.54073221
   45.89524889  46.00000414]
 [ 43.96696822  45.99864284  45.80666064  45.99928299  45.07061111
   44.51521837  46.00051247  45.67464023  45.97015976  45.4936422
   45.84722721  46.00062228]
 [ 43.72887457  46.00007945  45.99152155  46.00013016  44.89457532
   44.40838103  46.00000781  45.3642828   45.5399304   45.60670459
   45.82925105  45.99344678]
 [ 43.79029763  46.00007136  45.91609894  46.00008223  45.00162117
   44.51972624  46.00371491  45.72746962  46.0005281   46.00134897
   46.00166403  46.00149745]
 [ 43.94943227  45.9999989   45.9051396   45.99999703  44.87134533
   44.4442025   46.00000134  45.54638085  46.00000044  45.59111386
   45.86743815  46.00000472]
 [ 44.03061629  46.00000181  45.88746362  46.00000184  45.19553824
   44.55218061  46.00000103  45.66607737  45.57164974  45.50138747
   45.62956501  46.00000374]
 [ 43.90260432  46.00000202  45.81280591  46.00000158  44.98050773
   44.48736456  46.00000075  46.00000062  45.87442966  45.98871069
   45.86422088  46.00000167]
 [ 43.91827241  46.00000202  45.81263492  46.00000144  45.00397641
   44.51322446  46.00000178  46.00000373  45.26142569  45.75346277
   45.87905893  46.00000125]] dB
