
CONSTRAINT SATISFIED WITHIN LIMITS
Wind Directions: [   0.    22.5   45.    67.5   90.   112.5  135.   157.5  180.   202.5
  225.   247.5  270.   292.5  315.   337.5] degrees
AEP: 52985363.2331 kWh
X-locations (initial): [ 1550.  1900.  2300.  2200.  2400.  2300.  2300.  2300.   220.   350.
   350.   100.   900.   900.   800.  1100.  1300.] m
X-locations (final): [ 1404.          1734.          2500.50205271  2538.          2538.
  2331.98119444  2130.05667116  2361.            94.             0.
   237.8790614    221.3777381   1000.          1000.          1000.
  1033.58032005  1409.7128847 ] m
Y-locations (initial): [ 4020.  4100.  3900.  3700.  3700.  3400.  3200.  3100.  1100.  1000.
   800.   600.  1000.   900.   600.   300.   200.] m
Y-locations (final): [ 4048.00289409  4352.42262403  3545.81327857  3353.          3459.61634726
  3353.          3068.93140496  3023.          1410.          1410.
   773.0607178    400.          1210.          1116.           778.71006655
     0.             0.        ] m
RPM: [[ 23.04169544   1.83948423  24.40504983  22.35218707  23.20646122
   25.31987466  26.87742495  26.73675781  23.38425225  13.72505593
    0.54238214   1.54768001   1.66759597   1.14027648   1.12878197
   23.41365636  25.19189002]
 [ 21.44469862  14.7489481   23.57843752  25.55449389  23.89854802
   24.34853966  26.6429426   24.91624173  22.16710949  23.62458774
    0.35270185   0.39542997   1.08713834  13.48542726   0.75992535
   21.94586014  25.68534774]
 [ 22.20207591   1.51582135  23.6698895   26.53456695  24.51512879
   23.80443427  25.31228773  26.83886875   0.87360291  22.2558741
    0.49183821   1.01047549   1.3258019    0.63022777   0.52959902
   23.60449196  25.52168363]
 [ 22.56870574   1.38675302   8.19079344  26.75273362  26.51735732
   24.5378683   26.89139403  27.00023325  21.76846621  21.8316033
    0.3006826    0.41462205   1.04940433   5.59548572   0.78018227
   23.21907626  24.89741598]
 [ 22.99606644   1.02942155  23.89017277  24.83223232  24.95241373
   21.96669754  25.6330017   26.89173874  24.84299301   1.62202487
    0.73345933   1.13193454   1.82180514   2.36834865  19.15741082
   23.3848918   25.11929901]
 [ 22.70328483   1.36464396  22.33579258  25.72083432  24.45045208
   24.38728676  26.70021931  26.80708024  21.27674232  21.57758608
    0.37218459   1.01932005  14.88961454   0.84350658   0.66618161
   23.2491938   24.20575201]
 [ 22.79083118   1.43749453  22.48886888  25.82427916  24.47099596
   24.75620799  26.60595633  27.00333372  21.41961008   1.78385952
    0.3486517    1.26030633  21.10361547  18.44806458  13.84492775
    9.10357052  26.7885976 ]
 [ 22.59658904   1.40501504  19.46518827  25.74668046  24.09955318
   25.27634628  26.81631746  26.77536902  21.53446335  21.46044476
    0.31540633   1.26797266   3.08598243   3.22209444   1.56907445
   23.69766201  25.06253524]
 [ 23.03050427   1.53575884  23.26321831  24.63363988  21.07749236
   24.53043494  26.86477541  26.97576311  23.79846938   2.82034349
    0.43945537   0.74249194   2.83546661   2.46322046   1.36511557
   23.71705422  25.00060875]
 [ 21.73995896  19.64926994  23.65704735  24.76840386  23.5781945
   24.60285346  26.8345119   26.56496481  23.17252084  23.61922641
    0.31278914   0.30878193   1.4039003    1.08771055   0.71828281
   21.65843001  25.40082815]
 [ 21.58798209  14.27798465  22.630705    26.46161679  24.20933057
   24.62283481  26.77846293  26.47709865   1.01157536  22.21272373
    0.45077444   1.03088637   0.83899085   0.68820004   0.55060747
   23.60303685  25.51348183]
 [ 22.62127115   1.37757261  23.60801025  26.07776075  23.78629275
   23.68319593  26.6463504   26.79062325   1.6627238   23.99328576
    0.42209725   0.60883549   1.52309776  19.36946      0.84181801
   23.48930325  24.66829511]
 [ 22.93533344   1.43078482   3.68874441  23.30987447  26.69066077
   25.64086003  26.99622433  26.93458128  21.6809478    0.76942104
    0.2908416    0.10617987   1.67419878   1.32498161  20.49787742
   22.29827709  24.56462059]
 [ 22.68639977   1.28923632  22.22081534  26.43164379  24.37790491
   24.19910426  26.63761048  26.73296118  21.26873719  21.50651837
    0.36911667   1.07100869  14.83650062   0.84362641   0.65337194
   23.55092149  23.97602217]
 [ 22.61887473   1.28172769  23.49115936  25.55324608  23.68395992
   24.48219539  26.66813713  26.71287065   1.30653441  21.29096258
    0.33092771   1.01678968  20.87456205  14.09721452   5.09151463
    5.46234889  26.73789881]
 [ 22.58154592   1.26991954  22.21805198  25.24260311  21.57257969
   25.53908788  26.793829    26.9094985   21.7294862   21.98690465
    0.35195435   0.85849834  21.98129985   1.44694851   0.96754429
   23.04922015  25.03870036]]
Effective wind speeds: [[ 15.          15.          15.          12.8334046   14.94037034  15.
   15.          14.77325413  15.          15.          15.          14.99839816
   15.          14.98729344  14.99410587  14.99925185  14.97853664]
 [ 15.          15.          15.          14.98111439  15.          15.
   15.          14.20029118  14.99946009  15.          14.99365737
   14.99953708  15.          14.99970947  14.99873887  14.94540656
   14.99974124]
 [ 14.99637432  15.          15.          15.          15.          14.3557828
   14.41735078  15.          14.9990696   14.99993914  14.99391957
   14.99927137  15.          15.          15.          15.          15.        ]
 [ 15.          15.          15.          15.          15.          14.30754049
   15.          15.          15.          14.56556758  14.99641971
   14.99995936  15.          15.          15.          15.          15.        ]
 [ 15.          15.          15.          15.          15.          13.19051794
   14.81113604  15.          15.          12.43567161  14.79427224  15.
   15.          15.          15.          13.9268356   15.        ]
 [ 14.89266777  15.          15.          15.          15.          15.
   14.99135153  15.          14.9999907   14.9346107   15.          14.94957513
   15.          15.          15.          15.          15.        ]
 [ 14.87885187  14.80021923  14.34479267  15.          15.          15.
   15.          15.          14.9499798   14.90149339  14.99123625  15.
   15.          15.          15.          15.          15.        ]
 [ 15.          14.99469734  12.563752    15.          14.64919394  15.
   15.          15.          15.          14.99962533  15.          15.
   14.99169945  14.88533051  14.9981634   15.          15.        ]
 [ 14.97467351  14.99994156  14.90781505  15.          12.57480564
   14.75230965  15.          15.          15.          15.          14.99779107
   15.          14.90171376  14.90088241  14.88996029  15.          15.        ]
 [ 14.9993536   14.99997594  14.97947044  14.58580332  14.16237683
   14.98916655  14.99937823  14.97474776  15.          15.          15.
   15.          14.99970931  15.          15.          15.          15.        ]
 [ 15.          14.40372468  14.30349067  14.99999922  14.32996374
   14.99894241  15.          14.99999312  15.          15.          15.
   15.          14.99947683  14.99956702  15.          15.          15.        ]
 [ 15.          15.          15.          15.          14.43133797  15.
   15.          15.          14.45925572  15.          15.          15.
   15.          14.99977235  14.99996849  15.          15.        ]
 [ 15.          15.          15.          13.08798435  15.          15.
   15.          14.8104573   14.99432849  15.          15.          15.
   15.          15.          14.99968945  15.          14.16347006]
 [ 15.          15.          14.88876357  15.          14.9979906   15.
   15.          14.99141079  14.93291313  15.          15.          15.
   15.          14.99724939  15.          14.99982094  14.99998868]
 [ 15.          15.          14.99918472  15.          14.39647575  15.
   15.          14.91193898  15.          15.          15.          15.
   15.          15.          15.          14.99980429  14.93741144]
 [ 15.          15.          15.          14.5486174   13.08400282  15.
   14.9999967   14.99998273  15.          15.          14.67680066  15.
   15.          14.55549769  15.          15.          14.99553901]] m/s
Max SPL: 44.0077341347 dB
SPL: [[ 41.99045281  44.00002522  44.00023215  43.94601747  43.06968789
   42.81578428  43.94259932  44.00451704  43.80996457  44.00156775
   43.95023412  43.99910291]
 [ 41.64060666  44.00003889  43.87355887  44.00004579  42.71425506
   42.26721728  44.00007102  43.63997207  43.67333103  44.00001301
   43.807266    43.87262478]
 [ 41.72956941  44.00005234  43.83661002  44.0000231   42.80965676
   42.36398294  44.00004355  43.8253084   43.81949878  43.99873987
   44.00001952  44.00001562]
 [ 41.79420056  43.99995631  43.82078019  44.0001079   43.00917879
   42.56831     43.99269366  44.00029107  43.88978886  44.0001543
   43.85124695  44.00006118]
 [ 42.00225163  44.00037785  44.00196926  44.00191956  42.88240982
   42.47023048  44.00017721  44.00016677  43.96420557  43.98704493
   44.00009307  44.00006473]
 [ 42.01704396  44.00012226  43.92658848  44.00025968  43.0916692
   42.67949065  43.99998312  44.00003301  43.86633196  43.96708814
   43.75863101  44.00033573]
 [ 41.94169436  43.99659406  43.86574422  44.00012049  43.03101433
   42.57713707  44.00095418  44.00102552  43.7456075   43.86295578
   43.69219245  43.84924774]
 [ 41.90480467  44.0003606   43.86431072  44.00130498  43.01336178
   42.56099219  43.75255257  44.00020557  43.88275305  43.97552022
   44.00012564  44.00012226]
 [ 41.99659891  43.99992934  43.99995088  43.94569453  43.08164401
   42.7993679   43.94071909  44.00100719  43.79751518  43.99993287
   43.96460488  43.99887197]
 [ 41.70865019  43.99924824  43.86856924  43.99949967  42.81084508
   42.36532025  43.99998104  43.75855344  43.69637311  43.99996306
   43.73566873  43.77357137]
 [ 41.61200639  44.0022425   43.81317889  44.00463417  42.77182005
   42.329872    44.00051523  43.82483938  43.82120139  44.0003868
   44.0004412   44.00048339]
 [ 41.78944939  43.99989218  43.83180163  43.99950958  42.95856763
   42.51668019  44.00007041  44.00006792  43.89351365  44.00006382
   43.87819607  44.00015009]
 [ 42.00456015  44.00037989  43.99481342  44.00167459  42.99357247
   42.57364583  44.00022273  43.96473976  44.00016579  43.96431009
   44.0004513   43.87175243]
 [ 42.01735329  44.00019113  43.92723326  44.00067361  43.09067137
   42.67854421  44.00010495  44.00010996  43.89520869  43.98690647
   43.78820905  44.00016198]
 [ 41.89765279  44.00019226  43.86929632  44.00031288  42.97756345
   42.52383978  44.00773413  44.0015468   43.74158162  43.84875904
   43.6284335   43.80957929]
 [ 41.8433738   43.94846545  43.62731285  43.77686877  42.9131763
   42.46471533  43.99064405  43.99387347  43.86578787  43.97675474
   43.99134206  43.99046103]] dB
