
CONSTRAINT SATISFIED WITHIN LIMITS
Wind Directions: [   0.    22.5   45.    67.5   90.   112.5  135.   157.5  180.   202.5
  225.   247.5  270.   292.5  315.   337.5] degrees
AEP: 73357369.9328 kWh
X-locations (initial): [ 1550.  1900.  2300.  2200.  2400.  2300.  2300.  2300.   220.   350.
   350.   100.   900.   900.   800.  1100.  1300.] m
X-locations (final): [ 1404.          1734.          2538.          2415.96421987  2505.10447115
  2321.96421987  2135.2918774   2361.           119.89832023     0.
   186.84783824   214.97419027  1000.          1000.          1000.
  1094.70569636  1409.99999303] m
Y-locations (initial): [ 4020.  4100.  3900.  3700.  3700.  3400.  3200.  3100.  1100.  1000.
   800.   600.  1000.   900.   600.   300.   200.] m
Y-locations (final): [  4.04731214e+03   4.19918841e+03   3.60297066e+03   3.35300000e+03
   3.46378507e+03   3.35300000e+03   3.02300000e+03   3.05309170e+03
   1.41000000e+03   1.41000000e+03   6.61915406e+02   5.72150318e+02
   1.21000000e+03   1.11600000e+03   7.82442159e+02   0.00000000e+00
   3.25217082e-12] m
RPM: [[ 25.35155948  20.93404345  23.4551058   26.41022715  23.10683327
   26.33769606  26.81661329  26.75215654  24.30735765  25.45876905
   17.02521296  15.15454402  21.787219    16.99941869  16.51997802
   24.77877661  26.51090473]
 [ 25.61538643  21.29984624  23.6264586   24.14021791  24.65304372
   26.65529617  26.87685526  26.72678216  23.61606678  24.36512565
    0.41507445   0.30418891  21.88770688  21.65592025  21.46469334
   22.73318153  26.98592217]
 [ 25.58152378  21.23754679  24.18441951  23.93014509  24.73564452
   25.29680386  26.84223511  26.99738698  23.59959705  25.70488875
    1.48005553   0.51678122  21.68659182  21.34347732  17.58207375
   26.16235537  26.91437674]
 [ 25.18658223  21.29570115  24.19888549  23.71682093  25.64072551
   24.6333566   26.96620237  26.97622009  23.70052937  25.46220616
    0.51479492   0.51171015  22.1541686   21.77003387  19.03899283
   24.6885627   26.59958951]
 [ 26.32533021  20.95002829  23.70530288  24.37703558  25.25757203
   20.83584617  26.54325547  26.8650771   23.92217013  18.79962346
    8.63794892  12.21562176  21.80075102  21.64909091  21.32645685
   24.19146833  26.91918397]
 [ 25.18769954  21.20628587  22.67295166  25.71988847  24.71402213
   24.94204507  26.92575362  26.87207772  24.28628909  24.55606262
    0.76789158   1.26034773  22.26525308  21.73802509  19.3461199
   24.72896537  24.81998847]
 [ 24.73812523  20.36499858  23.75284468  26.46356008  24.67410299
   25.451476    26.72109423  26.86081973  23.04275738  23.50409203
    0.62546681  18.39440127  22.37438808  21.75757296  21.02625605
   24.31251796  26.33274728]
 [ 25.04836734  21.04962234  23.71757283  25.72645523  24.48226962
   24.83510819  26.86801994  26.88616328  24.52801263  24.86444075
    0.82056954  12.79303653  21.59868297  21.27094299  16.44860613
   24.30293896  26.30780633]
 [ 25.58787646  21.10506934  22.43152982  26.49693763  24.71025423
   25.504359    26.90794872  26.91082833  23.66369766  24.11093393
    0.66843074  13.88846752  21.52222391  17.31043684  20.47536976
   24.72546828  26.48300909]
 [ 25.55102337  21.32204884  22.29558023  25.90778879  24.88284102
   26.48669295  27.03241857  27.00997432  23.7607722   24.87337427
    0.44327704   0.36220711  21.81036607  21.55560057  21.35911166
   22.31040454  27.04682053]
 [ 25.58571789  21.1283641   23.99892738  25.75993752  22.53246096
   26.39784159  26.87796144  26.91542551  22.49099004  26.50786372
    0.74285105   0.63378698  21.68437949  21.2083295   18.5163039
   25.68101149  26.91089075]
 [ 25.40905894  17.3322045   23.88691812  23.78083811  24.74046466
   25.42277451  27.11325358  26.94036822  23.66902596  25.46736054
    0.60576583   0.49210675  22.27849073  21.68528512  19.00495365
   24.70233662  26.5912717 ]
 [ 26.37226951  21.03660427  23.96323277  21.44476017  24.85287115
   23.81658093  26.68830592  26.66439788  22.6745065   22.56404825
    0.82481826  12.10122012  22.23459702  21.71339018  21.36321618
   26.62157774  24.31729969]
 [ 25.19052912  21.10653941  22.61619534  25.55061692  24.59962691
   25.47594626  26.9013552   26.85839315  24.2436869   24.48258902
    0.78672713   1.98262597  22.28311806  21.71407482  19.35586058
   24.74584503  24.83105372]
 [ 25.29125529  21.02735259  23.72962005  25.61997968  24.58954589
   24.738389    26.78778714  26.70682119  23.96181173  24.40170767
   16.71961312  19.8650262   21.87347441  21.59474447  20.95099187
   24.87374342  25.81116749]
 [ 25.53877179  21.04860523  22.65645327  25.66761746  24.71369692
   25.4238313   26.88256405  26.89658853  24.09564691  24.4040444
   12.79165955   2.27394865  22.35081078  21.80790457  20.16555944
   24.68468097  26.39759801]]
Effective wind speeds: [[ 15.          15.          15.          15.          14.33229532  15.
   15.          14.92096473  15.          15.          14.99590241
   14.86257456  15.          13.0692228   14.03794438  14.99842063
   14.97404958]
 [ 15.          15.          15.          13.71680224  14.4755717   15.
   14.81082812  14.68759034  14.9990184   15.          14.98163979
   14.98111501  15.          14.93006774  14.99942718  14.93544854  15.        ]
 [ 15.          15.          15.          13.94575086  15.          14.65634047
   14.87631612  15.          14.9986657   14.99971345  14.99899253
   14.99886345  15.          15.          15.          15.          15.        ]
 [ 14.52612357  15.          15.          15.          15.          14.44377656
   14.98964147  15.          15.          14.86179682  15.          14.99998278
   15.          15.          15.          15.          15.        ]
 [ 15.          15.          15.          15.          15.          12.52618706
   14.75309217  15.          15.          12.80229397  15.          15.
   15.          15.          15.          13.55956285  15.        ]
 [ 14.87001649  15.          15.          15.          15.          14.90250916
   15.          15.          14.99496308  14.99829839  14.99997988
   14.97817513  15.          15.          15.          15.          15.        ]
 [ 14.82262208  14.83930957  15.          15.          15.          15.
   15.          15.          14.98922277  14.90351618  14.89629009  15.
   15.          15.          15.          15.          15.        ]
 [ 15.          14.99284564  15.          15.          15.          15.
   15.          15.          15.          15.          14.62623166  15.
   14.58041251  14.87453832  14.99770223  15.          15.        ]
 [ 14.97226869  14.9999883   14.25893657  14.95233836  15.          14.9346157
   15.          15.          14.99999179  15.          14.93357257  15.
   13.65171188  14.21885044  15.          15.          15.        ]
 [ 14.99914607  14.99995776  13.42239935  14.97722088  14.47735746
   14.80815057  14.99936944  14.97112119  15.          15.          15.
   15.          14.93254899  15.          15.          15.          15.        ]
 [ 15.          15.          14.609203    14.8695154   13.85115554
   14.99928313  15.          14.99999809  15.          15.          15.
   15.          14.99999725  15.          15.          15.          15.        ]
 [ 15.          14.3089046   15.          14.39808743  14.82795743  15.
   15.          14.98959682  14.84180896  15.          15.          15.
   15.          15.          14.99999995  15.          15.        ]
 [ 15.          15.          15.          12.63709813  15.          15.
   15.          14.75479165  13.06830724  15.          15.          15.
   15.          15.          15.          15.          13.57628228]
 [ 15.          15.          14.83876548  14.90401463  14.99880115  15.
   15.          15.          14.99827296  15.          15.          15.
   15.          14.99357882  15.          15.          14.99986979]
 [ 15.          15.          15.          14.99966264  14.88741769  15.
   15.          14.83727737  15.          15.          15.          14.92274358
   15.          15.          15.          15.          14.91466714]
 [ 15.          15.          15.          15.          15.          15.
   14.99559114  15.          15.          15.          15.          14.62638963
   15.          14.53779409  15.          15.          14.90708128]] m/s
Max SPL: 45.0140977464 dB
SPL: [[ 43.14810689  44.9218154   44.99999353  44.99999629  44.47932704
   43.69717206  44.99959865  44.9989695   44.9981455   44.62628373
   44.84840294  44.99989809]
 [ 43.24022081  45.00003332  45.00002343  44.99131488  44.09756346
   43.62085787  45.00069306  44.89518081  44.99879801  44.71106904
   44.77049829  44.89667626]
 [ 43.23251682  45.00005394  44.79489125  45.00009302  44.05439585
   43.58934406  45.0008577   44.57798967  44.81718262  45.00016996
   44.68328432  44.97253156]
 [ 42.96518917  44.89074419  45.0001141   44.98969139  43.96959209
   43.50548432  45.00054012  45.00047715  44.79953884  45.00112364
   44.88498943  45.00097527]
 [ 43.37288869  45.00025701  44.99795032  45.00026774  44.04367106
   43.60102586  45.00734087  45.01409775  45.00858482  44.90017953
   44.83345541  45.00157408]
 [ 43.1982847   44.87347251  44.84827307  45.00007241  44.07520788
   43.59444806  45.00009813  45.00001945  44.7669596   44.86971583
   44.48606922  45.0002268 ]
 [ 42.89968748  44.65510326  44.79698467  45.00004169  43.92651801
   43.45156851  44.99937737  44.99768031  44.19635546  44.88434598
   44.8661555   44.99866763]
 [ 43.05587326  44.84995979  44.7874373   45.00178073  43.98808623
   43.51389875  45.00262803  45.00205786  44.30647833  45.00238109
   44.89436812  45.000691  ]
 [ 43.22046607  45.00000421  44.99992908  45.00002634  44.44597097
   43.71517951  44.99965779  44.99885181  44.99958443  44.6665913
   44.85036589  44.99993151]
 [ 43.24240597  45.00105014  45.00141703  45.00143799  44.1390074
   43.66346513  45.00377078  44.96638372  45.00587592  44.71299913
   44.70747277  44.83657791]
 [ 43.24051719  45.00034561  44.786518    45.00066227  44.09013945
   43.62434157  45.00085738  44.54618774  44.80120367  45.00061655
   44.75020598  44.9807206 ]
 [ 43.07093979  45.00029498  45.00047622  45.00051029  44.04661474
   43.58121401  45.00030014  44.99997604  44.80024052  45.00025497
   44.88343341  45.00013782]
 [ 43.38716541  45.00033279  45.00078659  45.00082075  44.02330966
   43.56858689  45.00362344  44.97106909  45.00314454  44.89338048
   44.99227681  45.00103286]
 [ 43.19915092  44.8662319   44.84786404  45.00000599  44.08605637
   43.60472691  45.00022535  45.00013309  44.78904129  44.88553497
   44.492057    45.00026888]
 [ 43.1225386   44.90427366  44.78483372  45.00016268  44.01572938
   43.53939953  45.0000865   44.99980362  44.49420259  44.99987126
   44.9038637   45.00002143]
 [ 43.20288565  44.97847939  44.77497901  45.00005016  44.08932867
   43.61378405  45.00138672  45.00129815  44.3069452   44.96425314
   44.83436782  45.00092415]] dB
