
CONSTRAINT SATISFIED WITHIN LIMITS
Wind Directions: [   0.    22.5   45.    67.5   90.   112.5  135.   157.5  180.   202.5
  225.   247.5  270.   292.5  315.   337.5] degrees
AEP: 96784825.045 kWh
X-locations (initial): [ 1550.  1900.  2300.  2200.  2400.  2300.  2300.  2300.   220.   350.
   350.   100.   900.   900.   800.  1100.  1300.] m
X-locations (final): [ 1414.06562261  1734.          2491.24591789  2281.34637741  2538.          2121.
  2243.69058318  2361.            39.81964313   207.64756115   240.08016479
   139.75295281   928.07683778   968.10500703  1000.          1171.33493306
  1410.        ] m
Y-locations (initial): [ 4020.  4100.  3900.  3700.  3700.  3400.  3200.  3100.  1100.  1000.
   800.   600.  1000.   900.   600.   300.   200.] m
Y-locations (final): [ 4144.728901    4194.6716005   3968.76229388  3638.94930371  3566.29598315
  3434.40549402  3216.47126485  3023.          1410.          1293.63566628
   583.26400587   660.08862044  1197.53362944   934.26614706   714.61189852
    54.83293495     0.        ] m
RPM: [[ 28.30735041  28.30551591  28.30404363  28.29917313  28.27911764
   28.30308348  27.66585748  28.30321945  27.70117045  27.54467643
   26.80827224  25.18517342  28.08095985  27.97977233  27.75173496
   28.19545942  28.18039638]
 [ 28.23025946  28.09259212  28.02006151  28.07791607  28.19879025
   28.19123938  28.22357755  28.18476951  27.82236281  27.63710581
   26.50683282  25.30407912  28.00100446  27.90809314  27.75652073
   27.99484234  28.15417442]
 [ 28.10383132  27.82757751  27.78161877  27.77449887  27.89436531
   27.6655953   27.9987958   28.18384432  27.65573969  27.17676175
   25.47758718  26.35706028  27.27432864  27.03367545  27.2970399
   27.97943798  28.06242107]
 [ 28.30417895  28.30604421  28.30745736  28.30195261  28.29999418
   27.59363661  28.29473233  28.29254476  27.96086869  27.57901231
   24.60471718  26.78457743  27.84843674  27.62523511  27.4772144
   27.92111345  28.05849013]
 [ 28.2379711   28.19074447  28.1805313   28.18260328  28.23243016
   28.2297914   28.24637781  28.26659995  27.76246317  27.58091728
   25.79159228  25.80125326  27.83147182  27.6719526   27.61668962
   27.93621362  28.10104547]
 [ 28.24021365  28.14650349  28.13214024  27.77060233  28.22836854
   28.21717794  28.24101208  28.27202621  27.61377174  27.59184834
   25.86089984  25.77914459  27.89418416  27.69421284  27.66448007
   27.97843841  28.14087536]
 [ 27.74146295  27.49894613  28.31335413  28.30634178  28.31023132
   28.30192609  28.21837775  28.30190569  27.83186887  27.86611194
   26.37135574  24.95916136  27.94514727  27.76613332  27.62236061
   27.99779543  28.10573907]
 [ 28.28941839  28.25286972  28.24481595  28.24721907  28.28463019
   27.81687374  28.02037361  28.28015444  27.67112451  27.51152761
   26.45001761  25.30242949  27.54027438  27.65788018  27.65096216
   27.98536737  28.08059019]
 [ 28.25423531  28.3126563   28.28606854  27.58602713  28.3119238
   28.30782136  28.30355326  28.30572764  27.82431101  27.48826378
   26.78428403  25.17056154  28.02153069  27.75030646  28.07839862
   28.18294733  28.22166951]
 [ 28.16750904  28.10173567  28.08011162  28.07564185  28.14750397
   28.13040637  28.24582906  28.19039923  27.79319363  27.65506229
   26.49309386  25.30835539  27.97044676  27.86554036  27.78799087
   28.04797     28.13981521]
 [ 28.13296047  27.89379942  27.81860411  27.54721802  27.82073969
   27.95062676  28.09671895  28.1958837   27.74697269  27.26030157
   25.45626488  26.33926036  27.15095166  27.04186879  27.3054525
   27.97875166  28.06230871]
 [ 28.30354576  28.3056767   28.30714535  28.30163169  27.59720844
   28.29246778  28.29408862  28.29187889  27.94231117  27.5635976
   24.61642938  26.78600765  27.84476044  27.55972409  27.47501111
   27.92007369  28.05735751]
 [ 28.24379724  28.17912021  28.18080157  28.1828879   28.2429842
   28.23066072  28.25091544  28.26693916  27.76209447  27.58150204
   25.79125701  25.7987327   27.83457284  27.67654788  27.60436099
   27.99564391  28.03793619]
 [ 28.20596399  28.09995713  28.07759033  28.07452785  27.8307546
   28.18985867  28.24033212  28.25964523  27.76121941  27.18272754
   25.78991039  25.86080813  27.94201596  27.55354815  27.97348483
   28.19869575  28.15802148]
 [ 28.31290662  28.31404823  28.31772291  27.60682517  28.30804793
   27.81158557  28.24005414  28.22033985  27.77679946  27.54193898
   25.45809492  25.61211054  28.13630615  28.13009013  28.14426512
   28.23194222  28.0447088 ]
 [ 28.27552954  28.23886109  28.21028508  28.23115575  28.26053985
   28.23684519  27.81085734  28.01890247  27.67430773  27.51479174
   26.44567802  25.2853765   27.8220233   27.70870586  27.60384236
   27.98285731  27.74149383]]
Effective wind speeds: [[ 15.          15.          15.          15.          14.98531931  15.
   14.61283227  15.          15.          15.          14.84620044
   14.98789632  15.          14.94905897  14.80027722  14.99948303
   14.97223294]
 [ 15.          15.          15.          14.99399723  15.          14.99994402
   14.99061286  14.95897039  14.99953299  14.95302821  14.96912968
   14.99489689  15.          14.9977695   14.93354148  14.9526542   15.        ]
 [ 15.          15.          15.          15.          15.          14.7905665
   14.92235544  15.          14.92745147  14.94656018  14.88894841
   14.9983164   15.          15.          15.          15.          15.        ]
 [ 15.          15.          15.          15.          15.          14.62193146
   15.          15.          15.          15.          14.95354108
   14.96200051  15.          15.          15.          15.          15.        ]
 [ 14.99313067  15.          15.          15.          15.          15.
   15.          15.          15.          14.99946905  15.          14.98651943
   15.          15.          15.          14.96128351  15.        ]
 [ 14.9962982   14.998977    15.          14.78681201  15.          15.
   15.          15.          14.72210389  14.78128198  14.99404244
   14.16276177  15.          15.          15.          14.95876567  15.        ]
 [ 14.69599727  14.5666345   15.          15.          15.          14.99920259
   14.95438192  15.          14.85765525  14.94395887  15.          13.88890347
   15.          15.          15.          15.          15.        ]
 [ 15.          14.99345671  15.          15.          15.          14.74977401
   14.85950577  15.          15.          15.          15.          15.
   14.79367649  14.95262738  14.99957791  15.          15.        ]
 [ 14.97223219  14.99998898  14.98531924  14.61283099  15.          15.
   15.          15.          15.          14.84913558  15.          15.
   14.94904591  14.80027295  15.          15.          15.        ]
 [ 14.95328439  14.97004091  14.98878504  14.95810682  14.95428126
   14.94866419  14.99893002  14.95721006  15.          15.          15.
   15.          15.          15.          15.          15.          15.        ]
 [ 15.          15.          14.97678517  14.78513493  14.91172412
   14.94845652  14.967692    14.99838003  15.          15.          15.
   15.          14.89831595  15.          15.          15.          15.        ]
 [ 15.          15.          15.          15.          14.62193398  15.
   15.          15.          15.          15.          15.          15.
   15.          14.94559333  15.          15.          15.        ]
 [ 15.          14.99312961  15.          15.          15.          15.
   15.          15.          15.          15.          15.          15.
   14.99947113  15.          14.98747907  15.          14.96131298]
 [ 15.          15.          14.99897718  15.          14.78693092  15.
   15.          15.          15.          14.72295696  14.16329652  15.
   15.          14.78115801  15.          15.          14.95830949]
 [ 15.          15.          15.          14.56663276  15.          14.69724819
   14.97248422  14.95434367  15.          14.90141036  13.93677927  15.
   15.          15.          15.          14.99969542  14.88361427]
 [ 15.          15.          15.          15.          15.          14.99354774
   14.74978948  14.8595001   15.          15.          15.          15.
   15.          14.99528927  14.96377     14.99957959  14.79200378]] m/s
Max SPL: 49.0000053314 dB
SPL: [[ 46.33527062  48.89813944  48.99998411  48.89768134  45.92096288
   45.76044197  48.92254111  49.          49.          48.74858397
   48.90388997  48.36010843]
 [ 46.30172138  48.98964609  49.00000001  48.82938513  45.72352552
   45.76054615  48.99041112  49.          49.00000001  49.          48.87318959
   48.31356719]
 [ 45.79386339  48.65219189  48.74263667  49.00000001  45.56119133
   45.02894618  49.          48.76643639  49.00000001  48.89268219
   48.65726656  47.94829427]
 [ 46.29526308  48.87207691  48.91502055  48.87483542  45.74274824
   45.2111417   48.96076059  48.99999999  48.94894585  49.          48.74498719
   48.57432135]
 [ 46.35243907  48.6086137   48.99037478  49.00000533  45.74324788
   45.26344788  49.00000024  49.00000021  49.00000404  49.0000002
   48.80719963  48.22197377]
 [ 46.29773375  48.76673933  48.97048882  48.99999998  45.79422483
   45.25916091  49.          48.98245348  48.86560641  49.          48.44376484
   48.41987941]
 [ 46.02472068  48.53291253  48.97034231  48.92628144  45.63753056
   45.10147834  48.89741239  48.91750184  48.69058094  49.          48.80899164
   48.27944439]
 [ 46.31211745  48.87130917  48.99999982  48.97115779  45.74734158
   45.22264366  48.93434609  49.00000281  48.58347871  49.0000012
   48.81175645  48.26214612]
 [ 46.30680007  48.87172798  48.92806958  48.82222498  45.90205624
   45.75198057  48.92056807  49.          49.          48.75863852
   48.96915626  48.40346456]
 [ 46.27457271  48.96700594  49.          48.82654366  45.70737086
   45.74849449  48.98559407  48.99999997  48.99999997  49.          48.8824955
   48.32335323]
 [ 45.82096533  48.67488795  48.74499332  49.00000001  45.58913583
   45.05613784  49.          48.7748621   49.00000001  48.89292434
   48.65797531  47.94795612]
 [ 46.2990665   48.87450563  48.91559054  48.88158804  45.78120659
   45.24635993  48.95172115  48.99999999  48.95241176  49.          48.73956865
   48.56983029]
 [ 46.35473091  48.60875274  48.99055641  48.99999991  45.74374996
   45.26374275  49.          49.          49.          49.          48.80733052
   48.22240644]
 [ 46.2778201   48.74300368  48.96653166  49.          45.78246234
   45.24949516  49.          49.          48.87545687  48.99474503
   48.51102323  48.48470284]
 [ 46.32604955  48.87968724  48.9581718   48.92369088  45.71762945
   45.18396254  48.99056569  49.00000024  48.69663749  48.94504362
   48.97460393  48.41967017]
 [ 46.30483555  48.86264953  48.99999999  48.97441322  45.75708211
   45.23003143  48.95879888  49.          48.57954292  49.          48.79749834
   48.22828816]] dB
