
CONSTRAINT SATISFIED WITHIN LIMITS
Wind Directions: [   0.    22.5   45.    67.5   90.   112.5  135.   157.5  180.   202.5
  225.   247.5  270.   292.5  315.   337.5] degrees
AEP: 90513459.5469 kWh
X-locations (initial): [ 1550.  1900.  2300.  2200.  2400.  2300.  2300.  2300.   220.   350.
   350.   100.   900.   900.   800.  1100.  1300.] m
X-locations (final): [ 1404.          1734.          2538.          2247.61603751  2538.
  2332.61828357  2141.63490292  2361.            12.92564018   238.37129744
   235.94033675   150.74246574   987.55241662  1000.          1000.
  1160.14007703  1326.9697454 ] m
Y-locations (initial): [ 4020.  4100.  3900.  3700.  3700.  3400.  3200.  3100.  1100.  1000.
   800.   600.  1000.   900.   600.   300.   200.] m
Y-locations (final): [ 4125.24035706  4081.87707742  3728.18455193  3402.5691133   3598.48006252
  3353.          3069.31949937  3023.          1380.25989443  1410.
   575.57170712   654.34432193  1210.          1067.14704416   723.6706269
     0.            16.33915256] m
RPM: [[ 26.40644745  26.57245813  26.73629977  27.55641269  22.82123983
   27.61947318  27.83704058  27.45995616  26.97852199  26.92979467
   22.56381819  21.71716698  26.68824952  23.29914174  23.58018975
   27.56153216  27.63915044]
 [ 26.93228181  25.08322989  26.9203791   27.11233982  27.12656592
   27.06841624  27.28062354  27.72521447  27.0091566   26.73372744
   21.80367395  21.78223958  26.46866278  24.22461391  23.56309805
   27.0420334   27.38346383]
 [ 27.32785718  24.77393106  26.80719264  26.73266829  26.97635238
   26.91691312  27.64397998  27.71374695  27.09223651  26.91388526
   22.10553605  22.08399505  26.66693251  25.0512043   21.6212164
   26.85239068  26.77344754]
 [ 27.18153099  24.59012096  26.82056518  27.0599993   27.01272339
   27.17456867  27.61688046  27.69237361  27.00675546  26.78240372
   21.77248252  22.32898266  25.63459828  23.76162031  23.72304859
   27.19869933  27.53450597]
 [ 27.00709952  24.71234145  26.7714445   26.98784612  26.98388581
   27.17925733  27.01049629  27.66960324  26.61007603  26.70042095
   21.76843956  21.73444441  25.56037789  24.07601103  24.30624282
   25.64961297  27.45250168]
 [ 27.12382869  25.3621043   26.90960011  22.01720417  27.07724367
   26.9443733   27.64160239  27.72463623  26.69962735  25.46906997
   22.33486446  21.28678317  26.48589796  24.23631194  23.70946728
   27.04349439  27.05807486]
 [ 27.09635701  24.77812746  26.88971223  26.46074722  27.07604758
   27.15763711  27.66040471  27.72938672  27.06355023  26.97880787
   20.83921137  21.53598358  26.75339406  24.49112145  23.66611441
   27.09803019  27.29368594]
 [ 27.10780268  24.66843351  26.86027499  26.80056807  27.12251648
   27.36541982  27.66677266  27.71648541  26.87629344  26.7379595
   22.26425965  21.87878539  25.58314985  23.76039045  23.57957465
   27.29743727  27.49093302]
 [ 26.46072013  26.38752883  22.06926825  27.24890926  26.88943679
   27.03157232  27.72703229  27.76500976  27.16362959  26.93225233
   22.55338866  21.67762502  24.71860378  24.81662665  23.54756874
   27.16266653  27.42353814]
 [ 26.90956871  25.14879303  26.73802611  26.8869162   27.11721055
   27.29721935  27.64213584  27.6840997   27.0062182   26.77006838
   21.79495088  21.77784512  26.46447246  24.20814781  23.54908208
   27.07456473  27.37510134]
 [ 27.33912577  24.80801021  26.54266301  26.97863604  26.73264492
   27.22084239  27.64781345  27.71745897  27.09664611  26.98999121
   22.22720044  21.96810682  26.65669656  24.99947322  21.61816199
   26.8543086   26.77505535]
 [ 27.17295075  24.59564467  26.81915018  27.05871789  27.01131744
   27.16888497  27.61624948  27.69205734  27.01884418  26.77600734
   21.77073707  22.3276583   25.6365461   23.77034566  23.71405248
   27.35740586  27.33739   ]
 [ 27.29382601  24.72181797  26.72342839  27.05395226  26.95084613
   27.11829595  27.02517995  27.39468552  26.82096368  26.47160561
   21.74599519  21.71758063  26.41559298  23.74421974  24.05563477
   27.25833696  25.72743824]
 [ 27.07411463  25.38524778  26.58629618  26.76480711  26.96133516
   22.13429129  27.67000341  27.6716177   26.6789018   25.77274172
   22.22678638  21.20465772  26.51440978  24.17853236  23.76166255
   27.05737064  27.06772108]
 [ 27.08629575  24.8152748   26.85690597  26.97771011  27.04891183
   26.54605377  27.64633158  27.71123357  27.08351785  26.93027909
   20.79757225  21.82166662  26.66675983  24.40821278  23.70581622
   27.13688549  27.17822376]
 [ 27.09525535  24.71552643  26.90458149  27.07581648  27.01321265
   27.32729927  27.27981176  27.21646734  26.86853794  26.72224668
   22.27222529  21.8871476   25.68756434  23.69070741  23.62999843
   27.31914275  27.26608074]]
Effective wind speeds: [[ 15.          15.          15.          15.          12.43281247  15.
   15.          14.73195655  15.          15.          14.61591538
   14.99695371  15.          13.58089549  13.61958706  14.99951277
   14.974601  ]
 [ 15.          15.          15.          15.          15.          14.80898505
   14.76793381  14.9919348   14.99976557  14.95085777  14.97195639
   14.99886334  15.          15.          14.997947    14.95917263
   14.99919087]
 [ 15.          15.          15.          14.68809252  15.          14.73204025
   15.          15.          14.99815533  14.92301691  14.99271504
   14.99871072  15.          15.          15.          15.          15.        ]
 [ 15.          15.          15.          15.          15.          15.
   15.          15.          14.99017722  15.          15.          14.9904125
   15.          15.          15.          14.8883517   15.        ]
 [ 14.7782144   15.          15.          14.9335617   15.          15.
   14.81852597  15.          14.7432011   15.          15.          14.99558541
   15.          15.          15.          13.93648629  15.        ]
 [ 14.8972476   14.64650941  15.          12.23561443  15.          15.
   14.96631437  15.          14.99844665  14.68832364  14.99556692
   14.71223914  15.          15.          15.          15.          15.        ]
 [ 14.99452251  14.99606598  15.          14.4199703   15.          15.
   15.          15.          14.89387157  14.98297338  15.          13.6199185
   15.          15.          15.          15.          15.        ]
 [ 15.          14.73419747  14.92076086  14.68144084  15.          15.
   15.          15.          14.99960021  15.          15.          15.
   14.77644525  14.99661718  14.84052692  15.          15.        ]
 [ 14.97366763  15.          12.41780402  15.          15.          14.73133131
   15.          15.          15.          14.7219757   15.          15.
   13.49956421  13.94903053  15.          15.          15.        ]
 [ 14.95114837  14.9792202   14.80678547  14.7650569   14.99073121
   14.99597755  14.99889825  14.9600212   15.          15.          15.
   15.          15.          15.          15.          15.          15.        ]
 [ 15.          15.          14.68249899  14.94582511  14.72771847
   14.99674671  14.99877626  14.99912543  15.          15.          15.
   15.          14.99485291  15.          15.          15.          15.        ]
 [ 15.          15.          15.          15.          15.          15.
   15.          15.          15.          14.99009426  15.          15.
   15.          14.99166248  15.          15.          14.88878321]
 [ 15.          14.74466132  15.          15.          15.          14.93380657
   15.          14.82132716  15.          14.74197482  15.          15.
   15.          15.          14.9965612   15.          13.9414254 ]
 [ 15.          15.          14.67417307  15.          14.89750514
   12.25386452  15.          14.9663436   15.          15.          14.74565492
   15.          15.          14.65217603  15.          15.          14.99678599]
 [ 15.          15.          15.          14.99692482  15.          14.42305764
   15.          14.99556287  15.          15.          13.45887614  15.
   15.          15.          14.9788852   14.99987812  14.89448989]
 [ 15.          15.          15.          15.          14.92131682  15.
   14.77087508  14.68609745  15.          15.          14.99943214  15.
   15.          14.74195812  15.          15.          14.87374311]] m/s
Max SPL: 47.0026049035 dB
SPL: [[ 45.02209497  47.00058076  46.65386317  47.0026049   45.33691056
   44.59518152  47.00009461  47.00007469  47.00006397  46.62324315
   47.00008248  46.89722376]
 [ 45.05234725  47.00000009  46.78990542  47.00000001  45.00234738
   44.48188352  47.00000003  46.91573049  47.00000001  46.87502013
   47.00000001  46.85465826]
 [ 45.07077183  46.9846505   46.69154432  46.99999999  45.01042058
   44.49638071  47.00000008  46.80274091  47.00000006  46.95903889
   47.00000008  46.56391334]
 [ 45.05462581  46.99797028  46.73614636  47.00023129  44.99756919
   44.48377697  47.00001652  46.98606057  47.00000896  47.00001134
   47.00001191  46.91481977]
 [ 45.09889067  46.77690218  47.00000899  47.00000938  44.87620566
   44.49036268  47.00000051  46.95104691  47.00000033  46.91802955
   46.99031952  46.74140268]
 [ 45.1458129   47.00000013  46.85502792  47.00000031  44.96034917
   44.47586313  47.00000004  47.00000017  46.77230465  47.00000005
   46.57324575  47.00000003]
 [ 45.09730262  47.00000006  46.75392711  46.99999999  44.98796459
   44.46615322  47.00000022  46.80841977  46.2787553   47.00000051
   47.0000001   46.87167718]
 [ 45.0925943   46.99999998  46.75727559  46.99999991  44.99720493
   44.47855797  46.99999398  46.99999943  46.50765039  46.99999786
   46.99999697  46.86741623]
 [ 45.02699796  47.00000015  46.65162682  47.00000002  45.56289575
   44.66400692  47.00000003  47.00000011  47.00000011  46.62429826
   47.00000002  46.84961281]
 [ 45.05092937  47.00000009  46.78619136  47.          45.01680394
   44.49654201  47.00000003  46.91679658  47.00000001  46.87476491
   47.00000001  46.85659794]
 [ 45.08299704  46.99341055  46.68739121  46.99999947  45.02931874
   44.51466094  46.9999995   46.79311104  46.99999752  46.97557753
   46.99999983  46.56447956]
 [ 45.05206163  46.99564259  46.7358025   47.00000321  44.99645179
   44.48258148  46.99999937  46.98660657  47.00000051  47.00000022
   46.99999975  46.90842014]
 [ 45.20218206  46.86818269  46.99999991  46.99999989  44.90306877
   44.51333057  47.00000001  46.95597802  47.          46.91053528
   46.96688801  46.68150866]
 [ 45.13965549  47.00000036  46.84566279  47.00000051  44.97229658
   44.48567587  47.00001479  47.00000315  46.73043026  46.96551515
   46.57878577  47.00002049]
 [ 45.09546476  47.00000156  46.75176047  47.00000201  44.9871847
   44.46442132  47.00000184  46.90297587  46.34757691  46.99999666
   47.00000275  46.85929113]
 [ 45.0870346   47.00000007  46.75468821  47.00000002  44.97641721
   44.45503252  47.00000038  47.00000022  46.50846232  47.00000024
   47.00000009  46.84481171]] dB
