
CONSTRAINT EXCEEDED!
Wind Directions: [   0.    22.5   45.    67.5   90.   112.5  135.   157.5  180.   202.5
  225.   247.5  270.   292.5  315.   337.5] degrees
AEP: 79710193.0829 kWh
X-locations (initial): [ 1550.  1900.  2300.  2200.  2400.  2300.  2300.  2300.   220.   350.
   350.   100.   900.   900.   800.  1100.  1300.] m
X-locations (final): [ 1404.          1753.05819166  2538.          2416.08011814  2530.35361152
  2287.38919897  2129.98602033  2361.           129.08487806    14.77928176
   193.9691194    209.0741616   1000.          1000.          1000.
  1101.63258045  1332.66409588] m
Y-locations (initial): [ 4020.  4100.  3900.  3700.  3700.  3400.  3200.  3100.  1100.  1000.
   800.   600.  1000.   900.   600.   300.   200.] m
Y-locations (final): [ 4018.54942818  4393.          3668.52413545  3353.          3505.49463688
  3353.          3161.48769593  3023.          1410.          1363.61858778
   658.5588607    560.79511403  1210.          1116.           797.53811404
     0.             0.        ] m
RPM: [[ 25.78809864  23.78701525  22.94973666  27.09581877  23.5154117
   26.90935121  27.17283801  27.35770637  25.57444986  22.48901963
   17.59716659  20.85773466  22.89768747  20.18952297  16.88313997
   26.12720538  26.92795717]
 [ 25.82033998  22.37962126  25.63677725  24.62674955  26.65631593
   26.70563545  27.13974072  26.77030283  26.3539298   24.91199525
   18.46327278  18.46243841  23.40668212  21.32182927  20.93328789
   25.78086954  27.08289012]
 [ 25.61992345  22.27038261  26.81810826  26.70662984  25.3879334
   26.91482087  26.65658907  27.54594941  24.15754487  24.67224464
   19.38545259  13.98861375  23.45753866  21.86003421  19.41849136
   25.56474402  26.90605289]
 [ 26.23075826  22.15728816  24.42278128  25.32753919  26.47361167
   25.87479511  26.91676363  27.11258785  24.50455273  24.010562
   18.9012787   19.06204604  23.39986983  21.56846158  16.93263944
   25.80597444  26.58006797]
 [ 26.66676402  22.33895386  25.572581    26.35849333  26.15853532
   21.37288694  26.34635837  27.03196591  25.68220122  24.85354946
   12.20311173  13.95936225  22.55296932  21.7849046   21.53426803
   23.62542165  26.89960175]
 [ 25.69852364  22.4645061   25.51566632  26.34536957  25.18321984
   26.45297137  25.80746487  26.88023739  26.78375422  26.08398915
   16.93746879  15.59634246  22.64115139  21.7901111   19.79092487
   26.25497953  25.74320703]
 [ 25.65521623  22.48451436  25.12654199  26.60676219  26.01906904
   26.36893353  26.47234231  26.90158071  24.46064214  23.70777548
    9.19250899  19.45990634  23.56040208  21.8067955   20.91947842
   26.23060573  26.45511052]
 [ 26.34200213  22.07641236  24.58261534  26.82575659  26.33153575
   26.31607151  27.03636256  27.04806409  25.93464918  24.91809607
   12.96565592  20.50637074  23.52907019  22.09905576  20.15904598
   25.97303127  27.02804208]
 [ 24.99509238  23.75884198  20.18404022  26.32441557  25.39723262
   26.94140128  27.01045427  27.00174317  25.39199561  25.25813574
   12.28193404  20.10843629  22.13425379  22.09334139  21.14885122
   27.02351412  26.13605454]
 [ 25.76567337  22.36985434  24.6570223   26.33411379  26.26129646
   26.89638923  27.43694838  27.44423254  25.62798757  25.75161893
    2.24509104  12.27762705  23.17851553  21.16712032  21.45021924
   25.57913917  26.80664897]
 [ 25.66617227  22.21995104  25.76585712  27.54665135  26.1628083
   26.61314149  27.37319161  27.73488534  22.82612397  25.04476072
   15.46911837  12.89787951  22.58725354  21.07727476  17.34015461
   24.58009691  25.40924345]
 [ 26.48601914  22.03854857  24.05353278  25.04774524  26.50774048
   26.56692019  27.65048407  27.31761852  23.06562393  25.06323615
   19.98123702  18.43950643  22.4485553   21.63824609  18.33999911
   26.13512322  26.33619458]
 [ 26.82077069  22.33827282  26.09827173  22.82774118  26.69371125
   25.61399349  26.60730791  27.33919567  25.07639676  24.90779254
    4.04585592  13.73660487  22.83597542  21.44220939  21.54115363
   26.9617124   24.05590479]
 [ 25.70515208  22.39608733  25.73278655  26.25466614  25.47457055
   25.79563018  26.72880443  25.76874697  26.28556443  25.3220582
   17.19195139  20.60150377  23.59819692  22.22291477  18.54341246
   25.53054489  26.92434874]
 [ 26.38622412  22.02186303  25.01450758  26.22724341  26.43703195
   26.39359591  26.8120984   26.83384376  25.1400205   22.75839735
   10.5350818   13.85654004  24.0899951   21.77165852  20.39655623
   26.19984216  26.70234388]
 [ 26.52753329  21.97199369  25.03521882  26.38341993  26.14050065
   26.23620564  26.81712655  26.98304884  25.97399159  25.23257492
   18.171638    16.45013436  23.87057547  22.02711499  20.13578809
   26.23801021  26.672565  ]]
Effective wind speeds: [[ 15.          15.          15.          15.          13.1208045   15.
   15.          14.9482899   15.          15.          14.99459733
   14.48890444  15.          12.83283281  13.61006203  14.99904406
   14.97425171]
 [ 15.          15.          15.          13.99478809  15.          15.
   15.          14.77031493  14.99901844  15.          14.9798474
   14.98116257  15.          14.91841214  14.99833041  14.93666472
   14.99924803]
 [ 14.69325135  15.          15.          14.64665367  15.          14.98173856
   14.46452463  15.          14.99132322  14.9062375   14.99887489
   14.99789518  15.          15.          15.          15.          15.        ]
 [ 15.          15.          15.          15.          15.          14.92084967
   15.          15.          15.          12.66537585  15.          14.99821479
   15.          15.          15.          15.          15.        ]
 [ 15.          15.          15.          15.          15.          12.46836389
   15.          15.          15.          14.9985839   15.          15.
   15.          15.          15.          13.11644209  15.        ]
 [ 14.85717291  15.          15.          15.          15.          15.
   14.60580238  15.          14.99402737  15.          15.          14.99401184
   15.          15.          15.          15.          15.        ]
 [ 14.82288278  14.93839867  15.          15.          15.          15.
   15.          15.          14.99873076  14.89661835  15.          15.
   15.          15.          15.          15.          15.        ]
 [ 15.          14.90671528  15.          15.          15.          14.97561665
   15.          15.          15.          15.          14.00359589  15.
   14.54983883  14.99938193  14.63611944  15.          15.        ]
 [ 14.97371557  15.          12.70082099  14.94844174  15.          15.
   15.          15.          14.99874428  15.          14.2563719   15.
   12.61462973  14.11272011  15.          15.          15.        ]
 [ 14.99902851  14.99731551  13.96198702  14.97318727  14.72056043
   14.99925116  14.99898007  14.96117205  15.          15.          15.
   15.          14.93541725  15.          15.          15.          15.        ]
 [ 15.          14.59080631  14.98083528  14.99505113  14.51142038
   14.53041995  14.99913471  14.99972344  14.89976142  15.          15.
   15.          14.99967966  15.          15.          15.          15.        ]
 [ 15.          15.          15.          14.9153625   14.99223755  15.
   15.          15.          12.56574003  15.          15.          15.
   15.          15.          14.99768299  15.          15.        ]
 [ 15.          15.          15.          12.57560299  15.          15.
   15.          15.          14.9986559   15.          15.          15.
   15.          15.          15.          15.          13.11237576]
 [ 15.          15.          14.99983356  15.          14.85220754  15.
   15.          14.60808202  15.          15.          15.          15.
   15.          14.99130429  15.          15.          14.99629247]
 [ 15.          15.          14.95373945  15.          14.99461291  15.
   14.99481768  14.82680593  15.          15.          15.          15.
   15.          15.          15.          15.          14.92207532]
 [ 15.          15.          15.          15.          15.          14.99888412
   14.99935882  14.9324855   15.          15.          15.          14.28259683
   15.          14.46479507  15.          15.          14.80022285]] m/s
Max SPL: 45.8826411852 dB
SPL: [[ 44.03898527  45.61835766  45.50709574  45.50946649  44.58361059
   44.10327442  45.55239233  45.17915221  45.52424873  45.2334346
   45.3068209   45.52975725]
 [ 43.33686451  45.50510522  45.41141652  45.50825122  44.57338977
   44.08479657  45.50254048  45.38025398  45.53475907  45.07879813
   45.27123627  45.50624808]
 [ 43.43876989  45.50539412  45.57234944  45.54268978  44.59362104
   44.10858191  45.53545623  45.08694917  45.53244395  45.51004711
   45.51053279  45.33278749]
 [ 43.19180772  45.49652496  45.4955335   45.34811481  44.5693979
   44.09246709  45.06449243  45.12853079  45.2293495   45.28994085
   44.76421037  45.02327588]
 [ 43.4942429   45.49334177  45.49523011  45.49600847  44.48678921
   43.99519894  45.50656428  45.4428472   45.54679656  45.31071476
   45.00523106  45.15035879]
 [ 43.3568843   45.50583498  45.46137659  45.49659162  44.69381167
   44.148046    45.50526466  45.49474211  45.52256917  45.40950581
   45.07436361  45.50333246]
 [ 43.29934119  45.50293     45.4031722   45.50605157  44.54404091
   44.05472009  45.46650604  45.39133909  45.04605928  45.4345281
   45.30173282  45.48791868]
 [ 43.43271365  45.51908839  45.39672448  45.50832262  44.70253786
   44.21533022  45.66708349  45.88264119  45.25326881  45.80002333
   45.34721849  45.54308352]
 [ 43.87918892  45.47147844  45.52614711  45.53071406  44.45385579
   43.98462176  45.87317113  45.82502201  45.84896848  45.58677192
   45.53250793  45.6584432 ]
 [ 43.34656256  45.50844813  45.41063612  45.52039309  44.63222851
   44.14454348  45.52182072  45.43758236  45.5470584   45.09069869
   45.29197351  45.48305108]
 [ 43.4468019   45.50185001  45.57440357  45.55907357  44.65038196
   44.1624177   45.07422048  44.98138371  45.44496756  45.26289384
   44.89932844  44.69893714]
 [ 43.23908176  45.51346822  45.50814545  45.37725073  44.65739657
   44.17965092  45.11732411  45.30589487  45.29066822  45.34266919
   44.94726346  45.13315793]
 [ 43.5315715   45.515125    45.51749968  45.51589339  44.51453597
   44.00450738  45.52012802  45.47632197  45.59616217  45.39029202
   45.20535627  45.19388207]
 [ 43.34688933  45.48756709  45.4771977   45.50071418  44.69747443
   44.15141771  45.4973478   45.43049295  45.53176113  45.39355333
   44.96917958  45.50099403]
 [ 43.41893574  45.51541166  45.40171457  45.50861848  44.67322715
   44.18234903  45.51308576  45.48084381  45.11320322  45.50793369
   45.29153879  45.49866304]
 [ 43.44979423  45.51897234  45.40250099  45.51021062  44.70630596
   44.21861949  45.61700163  45.63744937  44.91296729  45.6068358
   45.32487094  45.51694027]] dB
