
CONSTRAINT EXCEEDED!
Wind Directions: [   0.    22.5   45.    67.5   90.   112.5  135.   157.5  180.   202.5
  225.   247.5  270.   292.5  315.   337.5] degrees
AEP: 20040425.0154 kWh
X-locations (initial): [ 1550.  1900.  2300.  2200.  2400.  2300.  2300.  2300.   220.   350.
   350.   100.   900.   900.   800.  1100.  1300.] m
X-locations (final): [ 1592.39708155  1802.79320328  2538.          2312.12499682  2538.
  2459.54915085  2159.17987527  2361.           559.91216831   227.99795719
   204.25725747   201.51125565  1000.          1000.          1000.
  1221.90844736  1410.        ] m
Y-locations (initial): [ 4020.  4100.  3900.  3700.  3700.  3400.  3200.  3100.  1100.  1000.
   800.   600.  1000.   900.   600.   300.   200.] m
Y-locations (final): [ 4051.43367468  4196.49276357  3708.22684452  3490.88565596  3368.29994751
  3507.19617363  3195.31549963  3082.28366786  1410.          1386.59599997
   647.13167202   667.60588227  1210.          1067.57329642   788.42198667
     0.           130.06739972] m
RPM: [[  1.78905480e+01   8.37034399e+00   1.04786049e+01   1.44833434e+01
    1.57579557e+01   1.68620544e+01   2.02716854e+01   2.00462295e+01
    3.96728844e+00   4.91306602e+00   3.25128857e-09   4.33872712e-09
    4.99223116e-01   6.37990448e-10   6.46428575e-10   1.05765255e+01
    1.57142264e+01]
 [  1.95248334e+01   1.52831374e+01   2.00893139e+01   1.10728564e+01
    1.62010314e+01   2.05917447e+01   2.04299847e+01   1.84102361e+01
    7.42517904e+00   3.66612569e+00   6.95837513e+00   2.87035444e-09
    1.02546022e+01   7.17453055e+00   2.86767591e-09   1.15645255e+01
    1.52414135e+01]
 [  1.69036793e+01   4.95934028e+00   7.53258434e+00   1.27239199e+01
    1.61734327e+01   1.91513036e+01   2.14066648e+01   2.17072598e+01
    3.60077239e+00   2.48994928e+00   2.25675823e-01   7.54362075e-01
    1.14747010e+01   8.96102875e+00   1.44108336e+00   1.26497009e+01
    1.33458791e+01]
 [  1.66083055e+01   1.17372611e+01   1.24608058e+01   1.42534134e+01
    1.67042775e+01   1.71359613e+01   1.89056827e+01   1.96293271e+01
    7.62259234e-09   3.17244822e-09   2.00359880e-09   4.89339304e-09
    4.30646934e+00   2.56786514e+00   3.51609784e-09   1.10899713e+01
    1.80651911e+01]
 [  2.04205342e+01   1.29375043e+01   1.19870439e+01   1.39744568e+01
    2.08224482e+01   1.68686710e+01   1.85654259e+01   1.91074469e+01
    1.33861686e-03   2.92848530e-09   3.14257770e-02   2.86457786e-09
    2.31486308e+00   6.10149589e-01   2.00196571e+00   1.29596526e+01
    1.94716864e+01]
 [  5.43116134e+00   8.89456733e+00   1.14427945e+01   1.53171245e+01
    1.60818517e+01   1.73752014e+01   1.86492202e+01   1.99128992e+01
    9.22516479e-10   4.79262123e-09   4.78258028e-09   9.96526098e-09
    2.67490275e+00   2.45538627e+00   4.61668278e-09   5.57557373e-01
    1.34057930e+01]
 [  1.50955047e+01   1.05602570e+01   1.19364013e+01   1.25956560e+01
    1.55106970e+01   1.69170303e+01   1.78385214e+01   1.76405101e+01
    4.02258063e-10   2.44403445e-09   6.48634344e-02   1.68799316e-10
    4.95988231e+00   3.00796522e+00   5.11472771e+00   1.44029710e+00
    2.63703151e+00]
 [  1.86701993e+01   1.28289028e+01   9.20088228e+00   1.34237850e+01
    1.63154819e+01   1.43176240e+01   1.89471193e+01   2.33527584e+01
    2.06049279e-11   2.75950378e-09   6.62301538e-02   5.41246179e-10
    2.65357562e+00   2.18762792e-11   4.10305720e-09   9.55624848e+00
    1.44466883e+01]
 [  1.82510292e+01   1.41571529e+01   1.12953621e+01   1.50750712e+01
    1.68993962e+01   1.67260162e+01   1.67245267e+01   1.88786923e+01
    8.93161339e-09   6.59405876e-09   4.91306602e+00   4.91306602e+00
    1.13184165e-08   4.91306602e+00   4.91306602e+00   6.43526571e+00
    8.44773036e+00]
 [  2.05402680e+01   1.44741160e+01   1.41190281e+01   1.91235922e+01
    1.33539508e+01   2.17929616e+01   2.15157170e+01   1.93077717e+01
    4.73639453e+00   5.87734602e+00   6.63270026e+00   2.88888791e-09
    1.25687274e+01   4.79286246e+00   2.90966726e-09   1.25138251e+01
    1.51226703e+01]
 [  1.76176928e+01   7.29640644e+00   1.59755224e+01   1.44097374e+01
    1.84970647e+01   2.09004494e+01   1.95731834e+01   2.03812300e+01
    4.42808895e+00   2.48943823e+00   1.62471426e-02   2.93598026e-09
    1.19242127e+01   8.05167868e+00   2.93587881e-09   1.01505738e+01
    1.43041254e+01]
 [  1.78778261e+01   9.76853437e+00   1.52699309e+01   1.34630570e+01
    1.88172695e+01   1.76050580e+01   1.94783594e+01   2.01997059e+01
    6.03193319e+00   1.67954698e+00   1.35705804e-02   4.91306602e+00
    5.00318333e+00   3.41359920e+00   2.89878226e-09   7.61317850e+00
    2.01386271e+01]
 [  2.11687777e+01   1.27515544e+01   1.29067296e+01   1.52068798e+01
    1.60537126e+01   1.62221951e+01   1.76623362e+01   1.99900198e+01
    4.49177162e+00   1.37426264e-03   2.87038746e-09   4.11480198e-02
    1.81803437e+00   4.06706635e+00   3.24779218e-01   1.19708021e+01
    2.02505595e+01]
 [  1.80886532e+01   1.16287724e+01   7.94101488e+00   1.19874986e+01
    1.40290197e+01   1.37566496e+01   1.81254103e+01   2.33547545e+01
    3.73687031e+00   4.95687727e+00   4.91306602e+00   4.91306602e+00
    6.39838966e+00   4.52299899e+00   7.11085199e-09   6.57129361e+00
    1.44358229e+01]
 [  1.44913058e+01   1.05412730e+01   1.16495570e+01   1.38955741e+01
    1.44370052e+01   1.66280795e+01   1.71845755e+01   2.33527584e+01
    4.15343104e-10   4.91306602e+00   6.16497580e-09   6.15585778e-02
    2.60582520e+00   1.40122517e+00   2.46004762e+00   5.68809837e-01
    6.99490771e-01]
 [  1.35707958e+01   8.85995288e+00   9.88634411e+00   1.32620997e+01
    1.51123547e+01   1.59683540e+01   1.96652706e+01   1.98053713e+01
    2.62240927e+00   2.89838261e-09   2.55934942e-09   6.62770263e-02
    2.66178201e+00   9.47868675e-01   4.88762651e-10   8.70576726e+00
    1.39774833e+01]]
Effective wind speeds: [[ 15.          15.          15.          15.          14.92499573  15.
   15.          14.99790212  15.          15.          14.9937905
   14.99400328  15.          14.99686746  14.99870959  15.          14.99970337]
 [ 15.          15.          15.          15.          15.          14.05540864
   14.94340169  14.98182972  14.97814834  14.9999666   14.98182925
   14.9823496   15.          15.          14.99917171  14.99261498
   14.99979921]
 [ 14.99733181  15.          15.          14.96263469  15.          15.
   14.59967251  15.          14.98201144  14.97698195  14.99710766
   14.99945358  15.          15.          15.          14.95057011  15.        ]
 [ 14.99991787  15.          15.          14.87776429  15.          15.
   14.79793197  15.          15.          15.          14.99998952
   14.9999455   15.          15.          15.          14.99800936  15.        ]
 [ 15.          15.          15.          14.63662632  15.          15.
   15.          15.          15.          14.99999861  15.          14.99983388
   15.          15.          15.          15.          15.        ]
 [ 14.99571472  15.          15.          14.70310357  15.          15.
   14.41736638  15.          14.99385352  14.99746448  14.97198951
   14.97350596  15.          15.          15.          15.          15.        ]
 [ 15.          14.89403697  15.          15.          15.          14.9272123
   15.          15.          14.9999917   14.99933662  15.          14.99947886
   15.          15.          15.          15.          15.        ]
 [ 15.          14.95453414  15.          15.          15.          14.74702925
   15.          15.          14.99979788  15.          15.          14.99934103
   14.9589245   14.95632417  14.999944    15.          15.        ]
 [ 14.99997652  15.          14.55791466  14.9949594   15.          15.
   15.          15.          15.          14.99135315  15.          14.95408771
   14.96145235  14.97685551  15.          15.          15.        ]
 [ 14.99911077  14.99955529  13.84756024  14.46327353  14.96885149
   14.99992921  15.          14.99987468  14.99459699  15.          15.
   14.95400983  15.          15.          15.          15.          15.        ]
 [ 15.          14.93024699  14.71925867  14.99966734  14.99929203
   14.57533251  14.99985538  14.9998426   15.          15.          15.
   14.99994016  15.          15.          15.          15.          14.98217411]
 [ 15.          14.9996173   15.          15.          14.68078296
   14.94874097  15.          15.          15.          15.          15.
   14.99996266  15.          14.99988819  15.          15.          14.99987493]
 [ 15.          15.          15.          15.          15.          14.74522979
   15.          15.          14.99999857  15.          14.99978241  15.
   15.          15.          15.          15.          15.        ]
 [ 15.          15.          14.97722229  15.          14.90286977  15.
   15.          14.55140265  15.          15.          14.96409577  15.
   14.99113109  14.99448441  15.          15.          14.99613524]
 [ 15.          15.          15.          15.          14.90726679
   14.9820595   15.          15.          15.          15.          14.99950547
   15.          15.          15.          15.          15.          14.99867788]
 [ 15.          15.          15.          15.          14.76496401  15.
   14.99663132  14.99988666  15.          15.          14.99934056  15.
   15.          14.99987067  15.          14.99996601  14.99834379]] m/s
Max SPL: 43.9883571626 dB
SPL: [[ 38.3648931   41.00915439  42.85954009  43.09741474  40.2399471
   39.64680111  43.71799573  43.66980594  43.30752702  43.59465903
   42.61674125  43.27847938]
 [ 39.02741622  41.6866439   43.25032359  43.69167062  40.85740126
   40.25906752  43.91060564  43.81548304  43.55560094  43.34083799
   42.74862018  43.3647139 ]
 [ 37.94661227  40.75578914  42.70525157  42.95894668  40.15936318
   39.58895846  43.93650628  42.70869687  43.31829357  43.63026385
   42.4768682   42.83734072]
 [ 38.90354711  41.64141536  42.47536897  43.13609804  40.56447198
   39.90549045  43.67527615  43.5856605   43.27524629  43.57176446
   42.41611235  42.65110468]
 [ 38.93868038  41.53617171  42.84885827  42.95383794  40.53451994
   39.93849397  43.61385178  43.61801037  43.26850739  43.57442845
   42.40086042  42.80389648]
 [ 38.50265719  41.21845921  42.9548055   43.16255474  40.53717883
   40.09034418  43.65410869  43.71665974  43.21370986  43.54940429
   42.2128644   42.89435829]
 [ 38.78624485  41.54575366  42.6097842   42.94215518  40.32490119
   39.67053403  43.67028301  43.86935161  42.13583126  43.76717353
   42.4161482   42.70779849]
 [ 38.534639    41.10442669  42.92319588  43.18854316  40.50213912
   39.90136159  43.64717715  43.64712317  43.23985377  43.60719768
   42.48654596  43.00576501]
 [ 38.22917685  40.97463616  42.55593763  42.80801     39.83314638
   39.21616724  43.75614211  43.79283286  43.4663673   43.69963201
   42.53995579  42.95499043]
 [ 39.21180889  41.85482443  43.29988801  43.71991905  41.06722204
   40.46008679  43.75218626  43.75828276  43.47481324  43.22156637
   42.52145498  43.08593457]
 [ 38.15832072  41.01718729  42.95755386  43.204661    40.24461242
   39.65191118  43.88868166  42.69959449  43.31738859  43.6286816
   42.54857605  43.04229229]
 [ 38.23951966  40.94044813  42.70139618  43.26377583  40.09746407
   39.49837053  43.8138446   43.73722803  43.41669676  43.71572072
   42.59026449  43.03630454]
 [ 39.26619855  41.8384231   43.30876738  43.43990231  40.9459363
   40.34703568  43.69368402  43.6525251   43.29403348  43.61164551
   42.45156891  42.95339493]
 [ 38.57436222  41.34035348  43.09261654  43.31719694  40.60865454
   40.16276499  43.89029191  43.98835716  43.48433487  43.80694592
   42.43812845  43.23071736]
 [ 38.96550385  41.63178487  43.14351898  43.44108374  40.73114195
   40.10277221  43.65331359  43.90419793  42.15973819  43.7620333
   42.3582414   42.64794781]
 [ 38.63515349  41.25310628  42.9613606   43.23029818  40.50150415
   39.88182305  43.65437841  43.64236138  43.22963621  43.59245268
   42.42605508  42.88244702]] dB
