
CONSTRAINT SATISFIED WITHIN LIMITS
Wind Directions: [   0.    22.5   45.    67.5   90.   112.5  135.   157.5  180.   202.5
  225.   247.5  270.   292.5  315.   337.5] degrees
AEP: 95645485.1377 kWh
X-locations (initial): [ 1550.  1900.  2300.  2200.  2400.  2300.  2300.  2300.   220.   350.
   350.   100.   900.   900.   800.  1100.  1300.] m
X-locations (final): [ 1404.          1744.40774981  2462.52452631  2210.60134761  2538.
  2250.88570087  2146.69258018  2354.1510516    125.0928964    154.30024471
   247.2012249    173.6986785    974.38468322  1000.          1000.
  1181.66348543  1410.        ] m
Y-locations (initial): [ 4020.  4100.  3900.  3700.  3700.  3400.  3200.  3100.  1100.  1000.
   800.   600.  1000.   900.   600.   300.   200.] m
Y-locations (final): [ 4138.41306576  4214.37725504  3693.66862971  3648.86376398  3571.44884659
  3405.13820479  3070.19634097  3023.          1410.          1221.94987057
   687.98946394   585.04745729  1210.          1031.36372399   711.14900522
     0.            34.90239173] m
RPM: [[ 28.0400917   27.7749136   27.89610042  27.68182081  28.03988957
   27.96212858  28.13520708  28.18829699  27.48439811  26.59440043
   25.69036471  24.47405388  27.95477449  27.05877769  25.28009928
   28.13492544  28.12394133]
 [ 28.13187521  27.90312377  27.96824938  27.79504274  28.08091608
   28.06764008  27.79722339  28.05433713  27.41842553  26.88744184
   26.35843061  23.97867069  27.21443505  27.03675506  27.14692779
   27.95218823  28.05134286]
 [ 27.81923232  27.47621557  27.69338619  27.30150496  27.68307703
   27.8443205   28.04355686  28.07570185  27.04354415  26.90762955
   24.80772537  24.8549473   26.79547559  26.59147101  26.6942551
   27.84539377  27.83658934]
 [ 27.88110092  28.02232909  28.22739395  28.1310048   28.24058355
   28.19251377  28.23495664  28.24713609  27.58444352  27.42483272
   24.18213885  24.85820998  27.36452914  27.08891758  26.98412618
   27.78908397  27.94216285]
 [ 28.09030178  27.79317612  27.88873843  27.67503792  28.03077821
   28.02581801  27.86892787  28.16224814  27.65319115  26.79569513
   24.99613077  24.63688864  27.14763019  27.02673224  27.02646444
   27.73773147  27.99980652]
 [ 27.61318024  27.71167882  27.79089773  27.59286641  27.98297519
   27.97734233  27.93523013  28.14231353  26.92499217  26.8454324
   24.83757652  24.77151491  27.29458978  27.04890938  27.17605315
   27.98628708  28.03739015]
 [ 27.97478421  27.94751766  26.61834093  28.02228009  28.14391891
   28.17576846  28.22206273  28.23553471  27.74820746  27.57061477
   23.64603755  25.38863292  27.71686205  27.36316398  27.08117911
   27.79528872  27.91728339]
 [ 27.97128736  27.9117829   26.96373717  28.00185475  28.16862905
   27.98238323  28.23110734  28.2308636   27.30695261  27.15265819
   24.37425231  25.28843038  27.40691782  27.24007275  27.55447386
   27.95071715  28.01707219]
 [ 28.03479671  27.79651399  27.90346394  27.63221254  28.04518324
   28.03859879  28.17219122  28.19182784  27.11254411  26.67491438
   25.85848901  24.33937041  27.07713766  25.3188905   27.82240065
   28.13452924  28.17220006]
 [ 28.1096227   27.95003443  27.89070792  27.86122817  28.01740593
   27.82137105  28.20407985  28.18418879  27.77841926  27.55416439
   24.63315099  24.43960172  27.51849511  27.26046446  27.44415325
   27.98328293  28.09955552]
 [ 27.80387997  27.50511232  27.66215709  27.3397456   27.65263159
   27.81009119  28.04853765  28.08591419  27.17291595  27.02482354
   24.42902534  24.90415167  26.89229419  26.69412316  26.79124202
   27.87682829  27.87573776]
 [ 27.89707832  27.99144174  28.15743188  28.19827061  28.20225598
   28.23703074  28.23505982  28.24532169  27.59631244  27.49256645
   24.14390237  24.85535794  27.43726243  26.99090796  27.00671455
   27.83253458  27.89634957]
 [ 28.09802072  27.81191747  27.84150032  27.70575593  28.01536095
   28.02799453  28.02167035  27.89246861  27.69837849  27.31698971
   24.98494183  24.5920841   26.81842565  27.12268536  26.84540202
   27.9145328   27.80049687]
 [ 28.00189208  27.74533711  27.45562226  27.63452159  27.99212334
   27.99783605  28.13006817  27.96576466  27.25481611  26.78692739
   24.72570531  24.7726178   27.42124199  26.83805277  27.33111502
   28.00999108  27.80221794]
 [ 28.0091479   27.90064105  27.96682968  27.88050397  26.62525061
   28.1161749   28.19653933  28.2073797   27.80370648  27.59012607
   23.66733602  25.37148303  27.69981769  27.34892995  27.08719666
   27.80469487  27.81054446]
 [ 27.99561236  27.88235745  27.97480079  27.88370245  26.95101105
   28.06747705  28.13143295  28.00703821  27.65320949  26.96244879
   24.37123597  25.289885    27.75956376  27.28237609  27.5098945
   27.9363549   27.53282798]]
Effective wind speeds: [[ 15.          15.          15.          15.          15.          14.95441822
   14.98093293  15.          15.          14.70094694  15.          14.65972453
   15.          14.53223778  13.52161438  14.99941853  14.97181541]
 [ 15.          15.          15.          15.          15.          15.
   14.78557982  14.92255182  14.99862577  14.9556434   14.96827308
   13.82198791  14.9995991   14.99836824  14.95524273  14.9764841   15.        ]
 [ 15.          15.          15.          15.          15.          14.99632018
   14.99981652  15.          14.9544279   14.94531765  14.99899781
   14.27797523  15.          15.          15.          15.          15.        ]
 [ 14.98418844  15.          15.          14.96090724  15.          14.97605182
   15.          15.          15.          15.          14.82390399
   14.9998426   15.          15.          15.          14.96725685  15.        ]
 [ 15.          15.          15.          14.98799192  15.          15.
   14.8411325   15.          15.          14.60312905  14.74727549  15.
   15.          15.          15.          14.87122106  15.        ]
 [ 14.75319035  15.          15.          14.99652192  15.          15.
   14.88923129  15.          14.68143728  15.          15.          14.81795732
   15.          15.          15.          15.          15.        ]
 [ 14.99478849  14.98835003  14.14742715  15.          15.          15.
   15.          15.          14.9409668   14.94602885  15.          15.
   15.          15.          15.          15.          15.        ]
 [ 15.          14.96091522  14.33791536  14.97245503  15.          14.88340155
   15.          15.          14.78428721  15.          15.          15.
   14.73561206  14.72839723  15.          15.          15.        ]
 [ 14.97178795  15.          15.          14.95037508  15.          15.
   15.          15.          14.70181592  14.71297032  15.          15.
   14.45168257  13.55134447  15.          15.          15.        ]
 [ 14.95593321  14.96096361  14.89523695  14.9555429   14.92249373
   14.81269066  14.99860096  14.97654196  15.          15.          13.96556218
   15.          15.          15.          15.          15.          15.        ]
 [ 15.          15.          14.95837252  14.99858816  14.96000469
   14.9603562   14.99483645  14.99883295  15.          15.          14.27291982
   15.          15.          15.          15.          15.          15.        ]
 [ 15.          14.98420713  14.9609107   15.          14.97605203  15.
   15.          15.          15.          15.          15.          15.
   15.          14.85290496  15.          15.          14.96729718]
 [ 15.          15.          14.98802145  15.          15.          15.
   15.          14.84126913  15.          15.          15.          15.
   14.60132325  15.          14.77431121  15.          14.87132545]
 [ 15.          15.          14.75269626  15.          14.99282521  15.
   15.          14.88923807  15.          15.          15.          15.
   15.          14.6795517   15.          15.          14.84310313]
 [ 15.          15.          15.          14.98836334  14.14848999
   14.99557064  15.          14.99726458  15.          15.          15.
   15.          15.          15.          15.          14.9989643
   14.92025164]
 [ 15.          15.          15.          15.          14.33876571
   14.97251937  14.96102801  14.88344798  15.          14.78180639  15.
   15.          15.          14.77270313  15.          15.          14.6977182 ]] m/s
Max SPL: 48.5001121447 dB
SPL: [[ 46.10125724  48.50000007  48.25668904  48.50000005  45.6277931
   45.56568086  48.46265341  48.50000003  48.5         48.33913956
   48.01108243  47.69496194]
 [ 46.08577141  48.48785296  48.27399728  48.50000005  45.51546325
   45.00743386  48.50000003  48.50000001  48.50000001  48.25621456
   48.38208557  47.88638786]
 [ 45.74668053  48.5000001   48.05909143  48.50000025  45.36736355
   44.86536231  48.50000016  48.30261403  48.5000005   48.40295517
   48.29079703  47.52426429]
 [ 46.05885078  48.50004276  48.3917682   48.50011214  45.57750608
   45.07057777  48.5000153   48.36685056  48.50000953  48.50001219
   48.27681548  48.3153187 ]
 [ 46.21459308  48.38576372  48.49454858  48.49999927  45.48443664
   45.11508638  48.50000001  48.43570777  48.50000001  48.5         48.25542434
   47.7864017 ]
 [ 45.93805149  48.30526394  48.32262694  48.50000006  45.64638144
   44.99474228  48.50000076  48.50000023  48.50000017  48.50000056
   47.90749084  48.06840524]
 [ 46.10302142  48.50000113  48.24219252  48.5000029   45.51959567
   45.01139809  48.49981544  48.49517633  48.15528618  48.50000033
   48.32037871  47.87208496]
 [ 46.09499372  48.50000081  48.24601555  48.50000089  45.50711935
   44.99960269  48.47583363  48.50000842  48.50000646  48.50001824
   48.44838107  47.95836389]
 [ 46.0989268   48.50000007  48.25687233  48.50000005  45.62817832
   45.5655773   48.44645659  48.49999991  48.4999999   48.42607123
   48.45571553  47.95971717]
 [ 46.08398102  48.48737951  48.27193242  48.50000005  45.53187065
   45.02564675  48.50000004  48.40952228  48.50000003  48.13771151
   48.447823    47.95492591]
 [ 45.74415368  48.50000012  48.05914045  48.50000026  45.36690471
   44.86502546  48.50000046  48.2716785   48.50000018  48.35297711
   48.31229348  47.54692669]
 [ 46.06191003  48.50003724  48.39164902  48.50010213  45.58132296
   45.07425517  48.50001277  48.37330335  48.50000797  48.5000102
   48.27982569  48.30989245]
 [ 46.22056522  48.38992309  48.49999953  48.49999957  45.48374872
   45.1134455   48.5         48.48940736  48.5         48.49999998
   48.21873697  47.75194669]
 [ 46.08216326  48.43437306  48.31782383  48.50000004  45.70036273
   45.05350867  48.5         48.50000002  48.5         48.48985954
   47.91806719  48.05595931]
 [ 46.10551307  48.50000008  48.25001176  48.50000007  45.50182002
   44.99396835  48.50000083  48.50000163  48.15276314  48.5000017
   48.31548271  47.85767947]
 [ 46.09551979  48.50000009  48.2516708   48.50000008  45.48835565
   44.98064108  48.49999998  48.50000008  48.50000001  48.50000001
   48.42738734  47.9018136 ]] dB
