
CONSTRAINT SATISFIED WITHIN LIMITS
APP: 11022.9780877 kW
Max SPL: 48.0005601681 dB
SPL: [[ 44.44042651  47.99871812  47.21619482  47.38262598  44.35926336
   43.75370375  47.48396658  47.99999678  47.49584943  47.26674888
   47.99316787  48.00000048]
 [ 41.61458596  47.07852029  45.94946039  46.1981384   44.63054704
   44.21101508  47.59616258  48.0002287   48.00056017  45.51934056
   47.44931383  47.80422406]
 [ 39.23253688  45.66639289  46.83985089  46.88338642  45.25086636
   44.93027539  47.99999221  47.68496943  47.99999017  46.53713094
   45.9155466   46.60172416]
 [ 43.73379088  45.10607672  47.31802436  47.12713056  45.3335053
   45.02618629  48.00000046  47.12251587  47.99999954  47.42083886
   45.50869659  45.5401096 ]
 [ 45.30714992  45.08382898  47.1907511   47.19172973  44.63611788
   44.358855    47.99999985  47.65706004  46.97143309  47.99999963
   45.36085585  44.99457815]
 [ 45.49122832  46.99659103  47.73667514  47.99999975  44.42612439
   43.75308471  48.0000001   47.9358776   43.71424046  48.00000028
   46.28845516  45.30576187]
 [ 45.41139242  47.60687575  47.81584799  47.9999984   44.61996509
   43.88813258  47.52167456  47.99998112  44.19584707  47.99994942
   47.99369464  47.63986318]
 [ 45.19826377  47.98657496  47.87598967  47.99856496  44.61741564
   43.93515799  46.43480603  47.99993862  46.46851293  47.99992384
   47.99993948  47.89947815]
 [ 44.46037223  48.00004788  47.14071074  47.32172689  44.42258503
   43.84338074  47.45062846  48.00000402  47.5218012   47.21439561
   48.0000117   48.00001473]
 [ 41.7173354   47.07000342  45.9234809   46.20293741  44.64909803
   44.22330962  47.63802607  48.00000275  48.00000235  45.52699739
   47.49038353  47.80090491]
 [ 39.45557541  45.72035083  46.80324232  46.84662088  45.23274512
   44.9032167   47.99999872  47.7365969   47.99998454  46.47345726
   45.88865704  46.55123609]
 [ 43.75040531  45.18225644  47.31890658  47.149571    45.28450621
   44.98597248  48.00000588  47.12115766  48.00000372  47.35077405
   45.53334852  45.50585972]
 [ 45.27718873  45.10792916  47.18844524  47.19765342  44.5930986
   44.28199692  48.00001423  47.8194243   47.31582821  48.00001007
   45.31488624  45.06059525]
 [ 45.64385592  47.1271993   47.74194345  47.99989908  44.40003805
   43.66702356  48.00000731  48.00002008  43.59894316  48.00004816
   46.18843541  45.30601035]
 [ 45.43020071  47.62279478  47.81692815  48.00000084  44.60702823
   43.86274859  47.52223666  48.00000017  44.02427256  48.00000026
   47.98674952  47.64476301]
 [ 45.22662609  47.99998725  47.85278739  48.00000199  44.55853494
   43.86097047  46.45484557  47.99999932  46.47469029  47.99999959
   47.99999987  47.8808122 ]] dB

Wind Directions: [   0.    22.5   45.    67.5   90.   112.5  135.   157.5  180.   202.5
  225.   247.5  270.   292.5  315.   337.5] degrees
X-locations (initial): [ 1550.  1900.  2300.  2200.  2400.  2300.  2300.  2300.   220.   350.
   350.   100.   900.   900.   800.  1100.  1300.] m
X-locations (final): [ 1474.58593239  1734.          2498.38454466  2121.          2538.
  2152.42894332  2256.19217692  2361.           173.1078759    216.50124847
   292.71763388   109.00620589  1000.           891.69266179   953.11050772
  1145.54681008  1383.23734642] m
Y-locations (initial): [ 4020.  4100.  3900.  3700.  3700.  3400.  3200.  3100.  1100.  1000.
   800.   600.  1000.   900.   600.   300.   200.] m
Y-locations (final): [ 4131.0231171   4175.11242514  3913.5314216   3621.15603395  3664.90826425
  3365.15339258  3193.02983373  3023.          1410.          1024.45134642
   663.06145882   635.58829244  1210.          1060.04879527   764.56536109
   156.08658976     0.        ] m
RPM: [[ 28.06411258  28.22167744  28.3070324   28.28892832  28.20365568
   28.01473968  28.37371975  28.37032062  27.7068757   26.30648842
   27.38734146  25.0582671   28.15704773  28.15989338  27.68318709
   27.49710522  27.96263091]
 [ 28.44747359  28.45134839  28.44202789  28.3195756   28.45244852
   28.44262577  28.29055199  28.41635017  28.13048025  27.56938521
   27.48376857  24.64273104  28.23649746  27.65993294  28.15127327
   28.27751549  28.36613014]
 [ 28.41401036  28.40671048  28.40638691  28.30758794  28.41042331
   28.25151608  28.37594631  28.36893095  28.07117322  27.5016843
   26.44108856  24.67995313  27.5600846   26.30136472  27.82130755
   28.26519929  28.33633023]
 [ 28.37718712  28.36979157  28.36201969  28.36147636  28.37186735
   28.32687961  28.30953338  28.29563646  28.02430811  26.38690387
   25.72215032  25.87291175  27.30468745  24.43506585  26.41604225
   28.21679051  28.23418335]
 [ 28.40695111  28.44297409  28.40360174  28.2702766   28.39555021
   28.36645488  28.34370798  28.3174318   27.68110045  25.83587595
   25.52243616  26.30795725  27.31271805  24.3078545   25.7711228
   27.98265971  28.10449094]
 [ 27.65894608  27.76442551  27.80797719  28.02691425  28.01376938
   28.21013336  28.23758016  28.25641454  27.44064002  26.15322345
   25.14020359  26.54277147  27.65919383  26.33753606  26.08325756
   27.6936308   28.02752838]
 [ 27.64985426  26.65097035  27.2667271   27.24779186  27.45327188
   27.50517992  27.58768247  28.06247673  28.02444595  27.56383514
   25.07496275  27.12842482  28.25820572  28.2262156   27.98852172
   27.98663895  28.13788573]
 [ 27.51419229  27.79692329  28.06797402  26.65247369  28.13934726
   27.6571578   27.80988835  28.2295037   27.85472143  27.45972243
   26.64293505  25.92406993  28.06501743  27.79768788  26.75961618
   27.39731297  27.94686334]
 [ 28.07202792  28.24056129  28.2125854   27.90656627  28.30398404
   28.28844862  28.28861472  28.28992024  27.62320626  26.18087904
   27.35728551  25.11895934  27.80432645  28.1091186   27.81960657
   27.5073478   28.03823693]
 [ 28.32067646  28.3588061   28.2908853   28.29729265  28.33329828
   28.35727302  28.34202378  28.27605218  28.07443216  27.47209551
   27.50831901  24.62677138  27.67239855  28.20064055  28.23663632
   28.31853984  28.36677215]
 [ 28.30798445  28.30928445  28.25491298  28.29969951  28.22323287
   28.19368329  28.29376532  28.2844034   28.21867357  27.4788019
   26.37100153  24.7046645   27.2892984   26.43530247  27.72791148
   28.25730556  28.28739456]
 [ 28.30390666  28.28319999  28.2999833   28.28648848  28.29128193
   28.28575883  28.28506383  28.28073191  28.04246569  26.4049013
   25.58057243  25.90684186  27.31361001  24.49177261  26.43945827
   28.19447802  28.22412534]
 [ 28.3332909   28.34807986  28.33711325  28.31238897  28.24457219
   28.28813312  28.28882499  28.28653055  27.64985468  25.89556742
   25.24548651  27.28705029  27.30194034  24.22621607  25.66757198
   27.97293687  28.09849468]
 [ 28.08770209  27.7901993   27.76118273  28.01448848  27.55699407
   28.20741886  28.23705934  28.25648247  27.60149687  26.23340975
   25.10485237  26.73946394  27.69774724  26.22804491  26.06613784
   27.58819058  27.92176221]
 [ 27.71185097  26.61852198  27.27225921  27.25295226  27.45687565
   27.49759916  27.70816619  27.74688167  28.06173419  27.69235036
   25.13314931  27.24410447  28.28010091  28.25989402  28.01409025
   27.88803577  28.13963595]
 [ 27.70273824  27.4738091   27.77768061  27.34585964  27.87161128
   27.93869906  27.35370672  27.12325379  27.86377828  27.63028873
   26.5969313   26.02823115  28.052163    27.86670634  26.78086025
   27.33567448  27.84987255]]
Effective wind speeds: [[ 15.          15.          15.          15.          14.94567952
   14.79400932  15.          15.          15.          14.96792701  15.
   14.96860185  15.          15.          14.81718838  15.          14.97489279]
 [ 15.          15.          15.          15.          15.          15.
   14.98348077  14.99999993  14.99881788  14.95994887  14.96757263
   14.97379941  14.9981116   14.69750437  14.95299177  14.9441477   15.        ]
 [ 15.          15.          15.          14.97050011  15.          14.9728756
   15.          15.          14.93243277  14.99206056  14.99944598
   14.99594615  15.          14.70703378  15.          15.          15.        ]
 [ 14.98633258  15.          15.          15.          15.          15.
   15.          15.          15.          15.          15.          14.7969669
   15.          15.          15.          15.          15.        ]
 [ 14.98439079  15.          15.          14.96742392  15.          15.
   15.          15.          15.          14.89733043  15.          14.65840516
   15.          15.          15.          15.          15.        ]
 [ 14.76148875  14.97786561  15.          15.          15.          15.
   15.          15.          14.85828759  14.93375068  15.          14.85352258
   15.          15.          15.          14.93451376  15.        ]
 [ 14.94971618  15.          15.          15.          15.          14.86962333
   14.81479683  15.          14.99818437  14.92907431  15.          15.
   15.          15.          15.          14.9999763   15.        ]
 [ 15.          14.99649229  14.98755112  14.33905896  15.          14.73271605
   14.79104756  15.          15.          14.99513344  15.          15.
   14.99713942  14.94469802  14.91565974  15.          15.        ]
 [ 14.97489744  15.          14.94567963  14.79400943  15.          15.
   15.          15.          14.95875572  15.          15.          15.
   14.8177254   15.          15.          15.          15.        ]
 [ 14.95527967  14.96783274  14.98364737  14.95297571  14.96887457
   14.99831179  14.99885436  14.95357649  15.          14.99136854  15.
   15.          14.69754114  15.          15.          15.          15.        ]
 [ 15.          15.          14.97047963  14.99917968  14.9547024
   14.94302705  14.99610708  14.99232403  15.          15.          15.
   15.          14.71777337  15.          15.          15.          15.        ]
 [ 15.          14.98633283  15.          15.          15.          15.
   15.          15.          15.          15.          14.79463483  15.
   15.          14.99980791  15.          15.          15.        ]
 [ 15.          14.9843911   15.          15.          14.96742452  15.
   15.          15.          15.          15.          14.62841374  15.
   15.          14.88520963  15.          15.          15.        ]
 [ 15.          15.          14.97787089  15.          14.76136239  15.
   15.          15.          15.          15.          15.          15.
   15.          14.85206886  14.93320249  14.85764724  14.9344595 ]
 [ 15.          15.          15.          15.          15.          14.94979278
   14.87024217  14.81496937  15.          15.          15.          15.
   15.          15.          14.99934146  14.92939917  14.99650802]
 [ 15.          15.          15.          15.          14.98759364
   14.99651492  14.57002694  14.40296458  15.          15.          14.99498927
   15.          15.          15.          14.96535426  14.91703768
   14.95623985]] m/s
