
CONSTRAINT SATISFIED WITHIN LIMITS
APP: 8280.43817959 kW
Max SPL: 40.0001946509 dB
SPL: [[ 38.2376775   40.0000019   39.87842665  40.0000021   38.90690597
   38.34052689  40.00007226  40.00000613  38.28355723  39.74928521
   39.98629323  40.00002452]
 [ 37.81465372  39.92263614  39.89574742  40.00001016  39.65294655
   39.35658107  40.00001509  40.00000973  39.71478292  40.0000697
   40.00019465  40.00008692]
 [ 35.90644677  39.24953859  40.00000005  39.76616141  40.00000034
   39.96419693  40.00000166  40.00000059  39.98015161  40.00000081
   40.00000088  39.99999964]
 [ 36.56886886  39.99999999  39.56933988  39.68278323  39.99999983
   39.96782868  40.00000004  38.71772647  40.00000002  40.00000002
   39.25187704  40.        ]
 [ 38.99710697  40.00000001  39.55924275  40.00000005  40.00000001
   39.5296086   40.          36.92248536  39.49323246  40.          38.19477352
   38.71537669]
 [ 38.41255786  37.89858377  39.5885291   39.99999999  39.51773726
   38.7214952   40.00000046  38.53964622  40.0000001   40.00000014
   39.58957726  39.43045301]
 [ 38.7700624   39.27370103  39.72086294  40.00000009  39.56937364
   38.88841295  38.87743132  40.          40.          39.22336849  40.
   40.        ]
 [ 38.98660741  40.          39.84590919  39.99999998  39.6119077
   39.02037338  39.67407358  40.00000001  40.          38.74867071  40.
   40.        ]
 [ 38.36313856  40.          39.84987648  40.          39.04935184
   38.4821724   40.00000001  40.00000001  38.41158489  39.95899844
   40.00000001  40.        ]
 [ 37.96090348  40.00000048  39.89109761  40.00000023  39.77938482
   39.48330257  40.00000005  40.00000009  39.74231393  40.00000004
   40.00000005  40.00000005]
 [ 36.10776051  39.20361105  40.00000012  39.74629404  40.00000022
   39.92990404  40.00000006  39.99999999  39.98237114  40.00000009
   40.00000003  40.00000003]
 [ 36.6927287   39.99999999  39.70065532  39.76136425  39.99999993
   39.99999994  40.00000009  38.72253187  40.00000035  40.00000029
   39.37704128  40.00000002]
 [ 38.93860389  40.00000002  39.51824362  40.00000007  40.00000001
   39.56780449  40.          36.84109159  39.45763971  40.          38.07211417
   38.81940101]
 [ 38.46813411  38.05442031  39.58603921  39.99999999  39.63107788
   38.82148716  40.00000001  38.47553822  40.00000001  39.98378629
   39.58238912  39.51483947]
 [ 38.77597799  39.28307429  39.7208088   40.00000002  39.56689459
   38.88246088  38.81935796  40.          40.          39.22098226  40.
   40.        ]
 [ 38.97480519  39.99486885  39.84213237  40.          39.57450815
   38.97754705  39.60736622  40.          39.9706608   38.84994494  40.
   40.        ]] dB

Wind Directions: [   0.    22.5   45.    67.5   90.   112.5  135.   157.5  180.   202.5
  225.   247.5  270.   292.5  315.   337.5] degrees
X-locations (initial): [ 1550.  1900.  2300.  2200.  2400.  2300.  2300.  2300.   220.   350.
   350.   100.   900.   900.   800.  1100.  1300.] m
X-locations (final): [ 1404.          1734.          2538.          2135.68959375  2538.
  2188.48800538  2216.07900852  2361.           113.03710322     0.
   217.17241975   251.20909401   906.          1000.          1000.          1000.
  1410.        ] m
Y-locations (initial): [ 4020.  4100.  3900.  3700.  3700.  3400.  3200.  3100.  1100.  1000.
   800.   600.  1000.   900.   600.   300.   200.] m
Y-locations (final): [ 4027.41452336  4249.84121995  3624.45262404  3430.77100119  3510.95887051
  3353.          3058.88502159  3023.          1410.          1350.77052517
   565.19338247   400.          1210.          1210.           810.             0.
     0.        ] m
RPM: [[ 22.73724758  19.46863964  22.44723735  20.70258642  22.47585691
   22.68902446  23.10790954  23.24700567  22.50858485  22.41052656
   18.1840344   20.8745981   20.47673473  22.67338154  18.54276064
   22.47714624  22.47711603]
 [ 23.5010202   23.35808325  23.40511481  22.54978143  23.2329684
   22.78769101  23.26813486  23.3560515   22.84240765  22.83859748
   19.81955274  18.76187046  19.97984761  22.42781532  19.48457912
   22.47955978  23.11782689]
 [ 22.28235328  22.78744751  25.10574632  22.97596695  25.17042715
   23.2330582   26.34112387  26.40761926  24.16284132  23.36962732
   18.19853763  18.21959794  19.90045244  20.89378036  21.65445792
   22.99883738  24.99854928]
 [ 22.72853123  22.43956719  23.98031322  22.99753662  23.95154582
   23.07198808  24.48579351  25.65397042  23.40798298  23.1519925
   17.73952257  17.89473487  18.8337088   22.43014765  18.7521599
   26.07650846  26.44648483]
 [ 23.15783298  22.38041165  22.94135413  23.40309535  23.14239207
   23.8868186   24.40821386  25.59303595  23.09548846  23.07424426
   17.98846694  18.37355863  18.46314191  22.42119879  18.16514257
   23.43282468  24.44397082]
 [ 22.69920889  17.96476253  22.30917853  22.86849102  22.56401124
   22.94529267  23.4381922   23.43455106  22.76818471  22.80322648
   18.24847345  19.0432358   22.68929788  22.6959879   17.95117289
   23.30592654  24.09719293]
 [ 22.83092695  18.0132815   20.15041227  20.11678539  22.64847717
   22.65584239  23.25638437  23.29832268  23.2153802   23.00471275
   18.85928027  20.08120892  23.0552917   23.12150541  19.81874822
   20.28224343  22.57719405]
 [ 23.14173619  18.04028882  22.31317265  18.44407913  22.4654214
   22.42351838  23.01682204  23.0937323   22.672648    22.34680493
   17.99408318  22.32819342  23.1272621   23.11781644  18.28076364
   20.36171229  22.52088451]
 [ 22.8904649   18.91190573  20.57549609  22.43271801  22.72863271
   22.71948212  23.122534    23.26208311  22.33107595  22.24083209
   17.96476068  21.57506016  20.37275848  22.53911413  18.72445865
   22.38252052  22.44482095]
 [ 23.50301527  23.42722337  23.37946976  22.66490676  23.22915067
   22.81454373  23.30303756  23.43440071  22.81135177  22.80286253
   19.79826183  18.77168227  19.98593382  22.43043515  19.46105947
   22.47750568  23.14981487]
 [ 21.61965112  22.83501241  25.1846945   23.01683721  25.20966668
   23.26366073  26.18664038  26.30747381  23.95918896  23.45705944
   18.19355963  18.17971658  18.91977812  22.41323012  21.55854762
   22.90326696  25.138986  ]
 [ 22.69845114  22.35965702  23.89038366  23.01171118  23.46607448
   23.14853741  25.24016572  25.6887783   23.36283295  23.29173619
   17.77165578  17.90615823  18.82337432  22.40409715  18.59828606
   26.09157879  26.30741891]
 [ 23.04683711  22.23309575  22.85539658  23.45067201  23.05467089
   23.88915705  25.57569496  24.4336885   23.13496382  23.10716606
   17.96982034  18.32767795  20.05693257  20.3482595   18.21315252
   23.87690536  24.01190187]
 [ 22.70431351  17.98472557  21.61401165  22.87345914  22.60343198
   22.96087356  23.98716542  23.37861747  22.78166707  22.81526633
   18.259211    19.0519308   22.70003776  22.70973228  17.96462364
   23.34179707  24.1474863 ]
 [ 22.82364331  18.01282303  20.16094824  20.14334917  22.6518773
   22.48624778  23.26234526  23.29177104  23.21295186  22.99742013
   18.88819373  20.14400986  23.05193387  23.11364894  19.79891
   20.35782776  22.52164925]
 [ 23.13800718  18.03868633  22.31670625  19.91772793  22.48203692
   20.40322489  23.02986369  23.11538065  22.68774862  22.3700219
   17.9470087   22.38824994  23.12172595  23.12856071  18.26825954
   20.27561917  22.55863775]]
Effective wind speeds: [[ 15.          15.          15.          15.          13.0528353   15.
   14.77993551  15.          15.          15.          15.          14.93931993
   15.          15.          14.19563696  14.73872353  14.97898269]
 [ 15.          15.          15.          15.          14.99469573  15.
   14.99694686  14.75463725  14.99925869  15.          14.97724406
   14.9945194   15.          14.99978671  14.96274048  14.9542022   15.        ]
 [ 14.99941129  15.          15.          15.          15.          14.94103225
   15.          15.          14.95826431  14.55712525  14.84759039
   14.96055036  15.          15.          15.          15.          15.        ]
 [ 15.          15.          15.          14.7448385   15.          14.35091729
   15.          15.          15.          13.75476469  14.99532452
   14.99996691  14.5339757   15.          15.          15.          15.        ]
 [ 15.          15.          15.          15.          15.          15.
   14.3998268   15.          15.          15.          15.          15.
   12.93493158  15.          15.          14.0859893   15.        ]
 [ 14.88730852  15.          15.          14.97670523  15.          15.
   14.46424667  15.          15.          14.99969852  14.96400111
   14.99298888  14.92390402  15.          15.          15.          15.        ]
 [ 14.86531257  14.96241948  15.          13.28426203  15.          15.
   15.          15.          14.98589652  14.94786797  15.          15.
   15.          15.          15.          15.          15.        ]
 [ 15.          14.84577133  14.81590748  14.25433149  15.          14.87783599
   15.          15.          15.          14.99968648  14.3681537   15.
   14.8589662   14.99529408  14.9956702   15.          15.        ]
 [ 14.97959954  14.99998053  12.9961967   15.          15.          14.77026652
   15.          15.          15.          15.          14.9048597   15.
   14.99842592  14.45240715  14.71648952  15.          15.        ]
 [ 14.99925412  14.9843656   14.97777735  14.97407468  14.74882371
   14.99903821  14.97198296  14.99020435  15.          15.          15.
   15.          15.          15.          15.          15.          15.        ]
 [ 15.          14.99947929  14.94919996  14.93998475  14.99957775
   14.98685681  15.          14.9998558   14.58699326  15.          15.
   15.          14.88115846  14.97280983  15.          15.          15.        ]
 [ 15.          15.          14.76657504  15.          14.39676795  15.
   15.          15.          13.76854873  15.          15.          15.
   15.          14.70031721  14.99600642  15.          15.        ]
 [ 15.          15.          15.          15.          15.          15.
   15.          14.40049152  15.          15.          15.          15.
   15.          13.42298545  15.          15.          14.12707295]
 [ 15.          15.          14.99417547  15.          14.88583345
   14.97687054  15.          14.43749408  15.          15.          15.
   15.          15.          14.92387291  14.99944037  14.99713187
   14.98163506]
 [ 15.          15.          15.          14.99983127  14.97919961
   13.70664754  14.99815201  14.87147982  15.          15.          15.
   15.          15.          15.          15.          15.          14.94358954]
 [ 15.          15.          15.          14.99570711  14.81872466
   14.45092336  14.91738363  14.90009202  15.          15.          14.99951272
   14.64248639  15.          15.          14.9938451   15.          14.85017973]] m/s
