
CONSTRAINT EXCEEDED!
Wind Directions: [   0.    22.5   45.    67.5   90.   112.5  135.   157.5  180.   202.5
  225.   247.5  270.   292.5  315.   337.5] degrees
AEP: 11120141.4758 kWh
X-locations (initial): [ 1550.  1900.  2300.  2200.  2400.  2300.  2300.  2300.   220.   350.
   350.   100.   900.   900.   800.  1100.  1300.] m
X-locations (final): [ 1655.24718647  1894.08521182  2537.99999308  2426.49886198  2537.86605417
  2183.06161409  2179.03843044  2360.97977758   474.68742894   265.07599865
   162.90457974   317.94008101  1000.          1000.          1000.
  1110.39554555  1410.        ] m
Y-locations (initial): [ 4020.  4100.  3900.  3700.  3700.  3400.  3200.  3100.  1100.  1000.
   800.   600.  1000.   900.   600.   300.   200.] m
Y-locations (final): [ 4046.22293953  4236.60933512  3748.63593102  3446.38287186  3653.5310968
  3626.18873643  3159.63149466  3210.05880431  1410.          1172.44447533
   787.16760977   537.72375004  1210.          1116.08425257   686.59405004
     0.            52.25916382] m
RPM: [[  8.30083514e+00   8.60321083e+00   9.37156742e+00   9.56181899e+00
    1.21515115e+01   1.14659396e+01   1.66872635e+01   1.66872637e+01
    6.98353872e+00   5.49025563e-01   2.74135551e-03   3.31590650e+00
    6.83677356e+00   5.99701216e+00   2.66676369e+00   9.41093176e+00
    1.20046845e+01]
 [  9.49974840e+00   9.26396437e+00   8.35910311e+00   8.57174427e+00
    1.16665358e+01   1.18937468e+01   1.25523834e+01   1.37917160e+01
    7.15250926e+00   6.65677789e+00   1.30310360e+00   3.63447521e+00
    9.69606637e+00   8.03013093e+00   2.20658959e+00   1.00241249e+01
    1.19558225e+01]
 [  8.52099510e+00   8.13556560e+00   8.21117218e+00   9.67469696e+00
    1.18057095e+01   1.23673967e+01   1.66872618e+01   1.66883232e+01
    4.18833699e+00   9.07156123e-01   2.58356925e-01   2.80310068e+00
    7.61907851e+00   5.97889072e+00   1.93390016e+00   1.04365190e+01
    1.19832710e+01]
 [  9.73253879e+00   6.66368303e+00   7.81761131e+00   1.01376790e+01
    1.24614485e+01   1.23616377e+01   1.48853547e+01   1.66901271e+01
    7.38135059e+00   8.26546742e+00   8.90031453e-01   2.31465498e+00
    6.78316354e+00   4.81405438e+00   3.83744153e+00   1.22813556e+01
    9.66230636e+00]
 [  1.94177646e+01   1.69264796e+01   1.03629319e+01   9.13765131e+00
    1.23502527e+01   1.23173688e+01   1.66908141e+01   1.66917520e+01
    1.75572350e+01   1.39800628e+00   2.08605440e+00   2.81636494e+00
    7.75136960e+00   7.41393034e+00   8.71676547e+00   1.46046364e+01
    9.89411857e+00]
 [  8.28742343e+00   8.69184085e+00   9.67071926e+00   9.08673158e+00
    1.16195970e+01   1.11482835e+01   1.66872618e+01   1.66872618e+01
    4.18849851e+00   1.38598004e+00   4.35294375e+00   1.94321423e+00
    7.34215370e+00   6.27826858e+00   2.35720581e+00   8.12222531e+00
    1.01083963e+01]
 [  8.27839526e+00   7.76148857e+00   9.11383775e+00   9.52704350e+00
    1.24955984e+01   1.45890913e+01   1.37692252e+01   1.49601731e+01
    5.58890679e+00   1.13617647e-02   2.49152276e+00   5.67711800e+00
    9.74191356e+00   1.11552846e+01   7.78453037e+00   5.12923216e+00
    8.32382591e+00]
 [  1.00063160e+01   7.94284502e+00   9.91904121e+00   1.05502797e+01
    1.34522070e+01   1.28584915e+01   1.38350805e+01   1.66913087e+01
    7.40559314e+00   3.66309953e-01   3.12788637e+00   6.76396665e-01
    7.03350327e+00   6.62771955e+00   1.17189070e+00   1.02508557e+01
    1.16389137e+01]
 [  8.26454345e+00   9.06623268e+00   1.02728299e+01   8.30604378e+00
    1.32639615e+01   1.17889324e+01   1.37073020e+01   1.66872636e+01
    6.71303380e+00   2.39896174e-01   1.01671391e+00   1.86635063e+00
    2.41233650e+00   2.88126920e+00   1.49207939e+00   9.73845378e+00
    1.14409961e+01]
 [  1.34402483e+01   1.96835464e+01   7.01377902e+00   8.56334795e+00
    9.95378306e+00   1.22343321e+01   1.24062902e+01   1.57637812e+01
    1.10844226e+01   6.50701015e+00   1.68997956e+00   3.93207201e+00
    9.95784499e+00   6.34777319e+00   2.67609810e+00   1.02301029e+01
    1.70028695e+01]
 [  2.05407587e+01   7.40724176e+00   9.63071157e+00   9.08423431e+00
    1.38659897e+01   1.24747775e+01   1.66949643e+01   1.66945090e+01
    8.95661116e+00   7.21932935e+00   5.00181579e-01   1.51097636e+00
    8.58864466e+00   6.63025533e+00   1.88972618e+00   1.00957052e+01
    1.21027528e+01]
 [  1.83950997e+01   1.87369394e+01   9.77173442e+00   8.68360105e+00
    1.09652088e+01   1.14289974e+01   2.63229275e+01   1.66912336e+01
    1.02695337e+01   8.44261844e+00   1.20689572e+01   2.43833778e+00
    6.68758696e+00   5.74396572e+00   4.49446347e+00   1.11087516e+01
    1.87531843e+01]
 [  8.53139476e+00   7.26903937e+00   1.08369318e+01   1.01483209e+01
    1.19891824e+01   1.24540289e+01   1.35121518e+01   1.66872621e+01
    6.65231697e+00   2.87752571e+00   1.17924909e+01   2.06839177e+00
    5.23580660e+00   6.67284271e+00   7.92867859e+00   1.50948917e+01
    8.80317686e+00]
 [  8.05542619e+00   8.23236723e+00   9.07421300e+00   9.33805239e+00
    1.13121476e+01   1.18511961e+01   1.66872619e+01   1.66872618e+01
    6.71405166e+00   2.33805176e-01   3.87618857e+00   2.89582273e+00
    9.12911384e+00   8.14703755e+00   1.91320699e+00   8.24694560e+00
    1.14895938e+01]
 [  7.46047176e+00   8.55801381e+00   9.21555328e+00   9.40523294e+00
    1.18262447e+01   1.15077883e+01   1.66888274e+01   1.66872618e+01
    4.21621343e+00   1.13693861e-02   2.98350309e+00   5.22945720e+00
    1.04294883e+01   8.33522649e+00   8.00310510e+00   4.70606960e+00
    7.71377581e+00]
 [  7.93332543e+00   8.02662342e+00   8.85004438e+00   9.78101004e+00
    1.16471517e+01   1.20427091e+01   1.66872618e+01   1.66901203e+01
    8.64744637e+00   6.08751476e+00   3.00949138e+00   1.46652963e+00
    7.22436245e+00   4.61966493e+00   2.07775269e+00   9.74072965e+00
    1.17476369e+01]]
Effective wind speeds: [[ 15.          15.          15.          15.          14.88372856  15.
   14.93027788  14.99992214  15.          15.          15.          14.99998406
   15.          14.93711981  14.97549152  14.9999937   14.99998478]
 [ 15.          15.          15.          14.88791979  14.99704489  15.
   15.          14.93457738  14.9987389   14.99996157  14.99683716
   14.9988947   14.99989135  14.99537835  14.99617205  14.99557761  15.        ]
 [ 14.98284031  15.          15.          15.          15.          15.
   14.98831766  15.          14.9718871   14.97703314  14.99969523
   14.99186657  15.          15.          15.          15.          15.        ]
 [ 15.          15.          15.          15.          15.          14.9738584
   14.52385682  15.          15.          15.          14.99518498  15.
   15.          15.          15.          14.99983801  15.        ]
 [ 15.          15.          15.          15.          15.          14.97073481
   14.99976814  15.          15.          14.99672365  14.99997204  15.
   15.          15.          15.          14.99983283  15.        ]
 [ 14.97518884  15.          15.          15.          15.          14.99999905
   15.          15.          14.98940856  15.          15.          14.98907139
   15.          15.          15.          15.          15.        ]
 [ 14.99884998  14.99316071  15.          15.          15.          14.99940335
   15.          15.          15.          14.99580343  14.99995039  15.
   15.          15.          15.          15.          15.        ]
 [ 15.          14.96526594  14.91073069  15.          15.          14.72539701
   15.          15.          14.99721647  15.          14.99998567  15.
   14.98586619  14.98058471  15.          15.          15.        ]
 [ 14.99996127  15.          14.60343899  14.99941672  15.          14.85975678
   15.          15.          15.          14.99994312  15.          15.
   14.976921    14.99609813  15.          15.          15.        ]
 [ 14.99792758  14.99968367  14.96738621  14.93503316  14.79016551
   14.99968076  14.99997571  14.99871174  14.99939474  14.99997318  15.
   15.          14.99795718  15.          15.          15.          15.        ]
 [ 15.          14.65795513  14.99996989  14.91515922  14.9999489   15.
   14.99736634  14.99763945  14.98635246  15.          15.          15.
   14.99874606  14.99995772  15.          15.          15.        ]
 [ 15.          15.          14.92540777  15.          15.          15.
   15.          13.54466781  15.          15.          15.          15.
   14.99945586  14.9674581   15.          15.          14.99974431]
 [ 15.          15.          15.          15.          14.96975554  15.
   15.          14.99989268  15.          15.          15.          15.
   14.99920007  14.99939372  14.9999278   15.          14.99919665]
 [ 15.          15.          14.99975736  14.99999774  14.99134636  15.
   15.          15.          15.          15.          15.          15.
   14.99073789  14.99980472  15.          15.          14.99826123]
 [ 15.          15.          15.          14.99888399  14.99796786
   14.99998098  15.          14.99987028  15.          15.          15.
   14.99997606  15.          15.          15.          14.99999859
   14.99999611]
 [ 15.          15.          15.          15.          14.97866686
   14.99593989  15.          14.91910161  15.          15.          15.
   14.99993077  15.          14.98455008  15.          14.99824864
   14.99665877]] m/s
Max SPL: 45.6736052608 dB
SPL: [[ 38.29474501  40.80479149  44.20917157  44.45381773  40.58808636
   39.78317178  43.99052629  45.17653901  42.14387113  44.79428906
   43.66379584  42.72817599]
 [ 37.98500524  40.3318277   43.82082009  44.07629029  40.45730404
   39.51933981  44.07084498  43.60644592  42.55723482  45.44912488
   43.75590211  42.77958475]
 [ 38.40445808  41.01580073  43.94053605  43.96484636  40.34751437
   39.69104455  43.9983472   45.21883568  42.17475097  45.41473823
   43.69060111  42.60329518]
 [ 37.98320962  40.38016523  43.8193833   44.03971928  40.10205154
   39.44753012  44.08955805  45.3308655   42.22551946  45.50615629
   43.75364499  42.78246276]
 [ 37.65369971  40.09669735  43.25324809  43.55752998  39.80614672
   39.17761381  43.9535278   45.26655179  42.17716238  45.46947267
   43.7830479   42.98658835]
 [ 38.05204257  40.56312688  44.09770648  44.31261088  40.1290038
   39.71926695  44.06534532  45.43735164  42.06241441  45.45362921
   43.16801924  43.02844522]
 [ 38.29358449  40.77124323  44.18355607  44.46915441  40.46776904
   39.80471723  44.19019289  45.39181738  42.36581603  45.67360526
   44.00020038  43.13002072]
 [ 38.1047525   40.61796093  43.97129036  44.23778899  40.17682272
   39.51853927  43.90774926  45.32185927  42.09021913  45.22984204
   43.75524201  43.03612596]
 [ 38.13493304  40.62306903  44.07383828  44.3053052   40.42955885
   39.60971614  43.91184848  45.17184697  42.11773904  44.74843435
   43.69485466  42.95099714]
 [ 38.20744103  40.58363342  44.0732296   44.33757114  40.72144094
   39.73309557  44.12285881  43.64755771  42.59452751  45.48184065
   43.7404868   42.62742659]
 [ 38.42998516  41.07881319  43.84747513  43.85798088  40.21313261
   39.52510709  44.06151702  45.27144884  42.18379756  45.40506698
   43.68286757  42.58876012]
 [ 38.33696802  40.55091903  44.36646859  44.57795523  40.97336415
   40.36158187  44.19706701  45.30941516  42.27868177  45.5693532
   43.95268218  43.03578602]
 [ 38.18034777  40.69141522  43.88170381  44.17611254  40.24656096
   39.61901487  44.04884904  45.13933607  42.14587344  45.49464301
   43.9963313   43.10909825]
 [ 38.06183637  40.62694249  43.99398594  44.20630127  40.00815899
   39.61464897  44.07484036  45.39632655  42.0691239   45.48019681
   43.19695997  43.13225904]
 [ 38.07102758  40.61597217  44.04348446  44.33348091  40.06254611
   39.38459086  44.14443124  45.33198883  42.30741667  45.60842236
   43.97687953  43.07031775]
 [ 38.18347268  40.69010617  44.05839181  44.31874073  40.24648193
   39.58933179  43.92326472  45.35395219  42.0919173   45.23075159
   43.65708991  42.71913169]] dB
