
CONSTRAINT SATISFIED WITHIN LIMITS
APP: 11194.0342853 kW
Max SPL: 54.000001224 dB
SPL: [[ 43.24973421  48.09191986  49.5705459   48.40558315  44.04688585
   43.43360286  51.03236146  52.45798035  47.83920938  49.72398222
   53.83958262  53.59054738]
 [ 39.35536734  46.92718998  49.77369446  50.35744278  44.16917806
   43.75942821  51.34720776  52.61639085  48.11946793  49.62279496
   53.36797863  53.86757835]
 [ 41.43156178  45.26211679  52.59857414  51.03898465  44.94844624
   44.61858326  52.06261563  52.37856174  47.94629168  49.57065969
   52.86077888  54.00000118]
 [ 44.20793401  43.2618735   53.54570843  51.37787973  45.19964222
   44.84536361  52.4985905   51.08137215  46.99302226  48.93356002
   51.1194051   53.9953982 ]
 [ 45.13682646  46.96599278  53.98654427  51.94456216  44.66436533
   44.31924445  52.37745047  47.84903992  44.78520499  48.21688166
   48.37800294  53.53739121]
 [ 45.43031922  48.26527665  53.99999864  52.02557995  44.25154142
   43.60455457  51.31927734  50.75081408  45.77892933  49.27236438
   52.42610509  52.05188703]
 [ 45.47042279  48.76381437  54.00000003  51.84027059  44.36044558
   43.6860049   50.2392091   52.16742349  46.62209848  49.52086392
   53.7280404   47.9211934 ]
 [ 44.92996746  48.70738004  53.10499528  50.44634635  44.20100526
   43.55375803  50.98658768  52.41058908  47.27744417  49.9442753
   54.00000032  52.0426182 ]
 [ 43.33578334  48.11241606  49.46504688  48.42125066  44.12996924
   43.53199257  51.0424446   52.48351727  47.86256703  49.72559088
   53.84654446  53.58263513]
 [ 39.89645045  46.95702517  49.76759896  50.32203136  44.23148888
   43.80451779  51.38096362  52.64014968  48.1448509   49.6723719
   53.42191214  53.88585607]
 [ 41.68322224  45.38056704  52.60377782  51.03443962  44.97933335
   44.63987916  52.07789716  52.42004198  47.97597761  49.55938997
   52.85877091  54.00000122]
 [ 44.23083405  43.34230119  53.54684171  51.38707667  45.19800689
   44.84626617  52.50655804  51.08538439  46.96794355  48.89073652
   51.09555398  53.99548967]
 [ 45.14724381  46.99210678  54.00000003  51.95694847  44.62869281
   44.2984701   52.37245434  47.81715022  44.74792004  48.2101094
   48.32179529  53.53522019]
 [ 45.42867754  48.25837941  53.99997173  52.02503195  44.19139201
   43.54464993  51.32529274  50.73670367  45.67430903  49.24375438
   52.40884979  52.06717314]
 [ 45.47639229  48.76879576  53.99999953  51.84419328  44.31969141
   43.64108243  50.2680743   52.18547655  46.54979256  49.63444398
   53.70393842  47.84756552]
 [ 44.93049326  48.70878174  53.10501409  50.44540112  44.15258776
   43.49678715  51.00043663  52.39346404  47.22842192  49.91993677
   54.00000004  52.07417143]] dB

Wind Directions: [   0.    22.5   45.    67.5   90.   112.5  135.   157.5  180.   202.5
  225.   247.5  270.   292.5  315.   337.5] degrees
X-locations (initial): [ 1550.  1900.  2300.  2200.  2400.  2300.  2300.  2300.   220.   350.
   350.   100.   900.   900.   800.  1100.  1300.] m
X-locations (final): [ 1546.79004904  1934.91329378  2251.22549729  2308.9677858   2496.43707562
  2121.          2245.35992849  2361.           105.17187108   296.68681849
   502.03533158     0.          1000.           840.3122613    893.86816135
  1171.42866925  1236.1507774 ] m
Y-locations (initial): [ 4020.  4100.  3900.  3700.  3700.  3400.  3200.  3100.  1100.  1000.
   800.   600.  1000.   900.   600.   300.   200.] m
Y-locations (final): [ 4186.52655413  4261.2625282   4013.          3682.21288801  3956.12684813
  3414.07963824  3211.7548169   3023.          1271.54072954   932.1855138
   785.57973122   736.46319878  1069.13955513   844.0300655    555.22815114
   372.44980716    56.125411  ] m
RPM: [[ 28.5         28.5         28.5         28.5         28.5         28.5
   27.70594683  28.47550159  28.5         28.5         28.5         28.5
   28.5         28.5         28.5         28.5         28.5       ]
 [ 28.5         28.5         28.5         28.5         28.5         28.5
   28.47186785  28.5         28.5         28.48117152  28.43704402
   28.47740907  28.41603466  28.45020869  28.3959823   28.44742528  28.5       ]
 [ 28.5         28.5         28.5         28.5         28.5         28.5
   28.5         28.5         28.49041532  28.40288901  28.5         28.42189782
   28.5         28.48072732  28.5         28.40664872  28.5       ]
 [ 28.5         28.5         28.5         28.5         28.5         28.5
   28.5         28.5         28.5         28.5         28.5         28.48145739
   28.5         28.5         28.5         28.49990904  28.5       ]
 [ 28.5         28.5         28.45869074  28.5         28.5         28.5
   28.5         28.5         28.5         28.5         28.49853003
   28.47511004  28.5         28.5         28.5         28.5         28.5       ]
 [ 28.44507651  28.28259721  28.10134455  28.3205828   28.31469742
   28.48126335  28.5         28.5         28.5         28.45787303
   28.4733033   28.5         28.5         28.5         28.48191443  28.5
   28.5       ]
 [ 28.49723469  28.46618394  28.39592729  28.5         28.49158328
   28.4325943   28.35805642  28.498994    28.34449995  28.36553212
   27.9563496   28.5         28.5         28.5         28.5         28.5
   28.5       ]
 [ 28.5         28.48677375  28.5         28.5         28.5         28.34199658
   28.24359933  28.5         28.47493729  28.5         28.5         28.5
   28.5         28.47241919  28.42084197  28.47267186  28.5       ]
 [ 28.5         28.5         27.70644351  28.46501868  28.5         28.5
   28.5         28.5         28.5         28.5         28.5         28.5
   28.5         28.5         28.5         28.5         28.5       ]
 [ 28.47062818  28.43708897  28.3892479   28.48665564  28.47117088
   28.41274604  28.49490025  28.44797107  28.5         28.5         28.5
   28.5         28.48374853  28.5         28.5         28.5         28.5       ]
 [ 28.5         28.5         28.5         28.5         28.5         28.49125643
   28.5         28.37588385  28.5         28.5         28.5         28.5
   28.47979507  28.5         28.5         28.41988852  28.5       ]
 [ 28.5         28.5         28.5         28.5         28.5         28.5
   28.5         28.5         28.5         28.5         28.5         28.5
   28.48124782  28.5         28.5         28.49990624  28.5       ]
 [ 28.5         28.5         28.47330919  28.5         28.45565423  28.5
   28.5         28.5         28.5         28.5         28.47507992  28.5
   28.5         28.5         28.5         28.5         28.5       ]
 [ 28.41362413  28.29021242  28.09749762  28.31518815  28.23793032
   28.47073368  28.5         28.5         28.5         28.5         28.45751091
   28.5         28.5         28.5         28.47323263  28.48176008  28.5       ]
 [ 28.5         28.5         28.38803887  28.5         28.5         28.5
   28.43337781  28.35793635  28.5         28.5         28.41904979  28.5
   28.5         28.5         28.44330498  28.5         27.92760969]
 [ 28.5         28.5         28.5         28.5         28.5         28.5
   28.34223772  28.24334696  28.5         28.47438266  28.5         28.5
   28.5         28.5         28.4189112   28.5         28.47180639]]
Effective wind speeds: [[ 15.          15.          15.          14.99905402  15.          15.
   14.58213809  14.98725797  15.          15.          15.          15.
   15.          15.          14.99779778  15.          14.99993195]
 [ 15.          15.          15.          14.99681832  15.          14.9987492
   14.98517348  15.          14.999282    14.98999171  14.96689185
   14.9882299   14.95582998  14.97386995  14.94528908  14.97250715
   14.99713928]
 [ 15.          15.          15.          15.          15.          14.99874863
   15.          15.          14.99505896  14.94901232  15.          14.95903899
   15.          14.98980412  15.          15.          15.        ]
 [ 14.99999661  15.          15.          15.          15.          15.
   15.          15.          15.          15.          14.99935507
   14.99024446  15.          15.          15.          15.          15.        ]
 [ 15.          15.          14.97812811  15.          15.          15.
   15.          15.          15.          14.99984835  14.99918898
   14.98687855  15.          15.          15.          15.          15.        ]
 [ 15.          14.98696907  14.96434492  15.          15.          15.
   15.          15.          15.          14.97795322  14.98593476
   14.99976214  15.          15.          14.9905043   15.          15.        ]
 [ 15.          14.98815334  15.          15.          15.          14.96580075
   14.92617294  15.          14.91814386  14.92939476  14.71389304  15.
   15.          15.          15.          15.          15.        ]
 [ 15.          14.99302562  14.99949408  15.          15.          14.91682481
   14.86509567  15.          14.98705297  15.          15.          15.
   15.          14.98728104  15.          14.98887045  15.        ]
 [ 14.99993195  15.          14.5823486   14.98158426  15.          15.
   15.          15.          15.          15.          15.          15.
   15.          14.99779778  15.          15.          15.        ]
 [ 14.98454344  14.96688716  14.94170703  14.99303053  14.98478891
   14.95407993  14.99736272  14.9725045   15.          15.          15.
   15.          14.99145732  15.          15.          15.          15.        ]
 [ 15.          15.          15.          14.99835676  14.99936115
   14.99543306  14.99829996  14.93463154  15.          14.99809302  15.
   15.          14.98980412  15.          15.          15.          15.        ]
 [ 15.          14.99999661  15.          15.          15.          15.
   15.          15.          15.          15.          15.          15.
   14.99022336  14.99993916  15.          15.          15.        ]
 [ 15.          15.          15.          15.          14.97812813  15.
   15.          15.          15.          15.          14.98687855  15.
   15.          14.99917493  15.          15.          15.        ]
 [ 15.          15.          15.          15.          14.9620617   15.
   15.          15.          15.          15.          14.97795322  15.
   15.          15.          14.98593476  14.99050132  15.        ]
 [ 15.          15.          14.98815322  15.          15.          15.
   14.96580075  14.92617294  15.          15.          14.95723203  15.
   15.          15.          14.97011199  14.99954212  14.69863624]
 [ 15.          15.          15.          14.99949408  15.          15.
   14.91682139  14.8649176   15.          14.98705297  15.          15.
   15.          15.          14.98995401  15.          14.9864089 ]] m/s
