
CONSTRAINT SATISFIED WITHIN LIMITS
APP: 11178.9219322 kW
Max SPL: 52.0000241767 dB
SPL: [[ 43.41521233  46.92547374  51.20082642  49.99431102  44.30597658
   43.68435214  48.47382246  50.61694771  50.98026591  48.19452583
   51.22627513  51.99999974]
 [ 40.01995358  45.44425833  48.61184315  47.21550874  44.81991971
   44.31755988  49.44866685  50.95914838  51.02768859  48.48434416
   48.85505468  51.99999979]
 [ 39.6890637   44.15942424  47.30924126  48.38452983  45.40458396
   44.98811622  50.61184471  51.00537748  50.56710523  48.60345332
   45.59655866  51.99999979]
 [ 43.42863237  43.00084499  50.05565443  49.95148012  45.45359873
   45.06958855  51.18735461  50.36524326  48.97911136  48.38505779
   49.84051772  51.81584626]
 [ 44.60555097  45.55096892  51.4840932   51.31216557  44.71361882
   44.40497312  51.51120974  48.54763747  44.65791172  49.40021702
   51.36675731  51.08123816]
 [ 44.9304668   46.87176404  51.99999998  51.65855055  44.02655598
   43.31612456  51.25624784  48.64449993  48.11533848  49.68260197
   52.00000003  48.89536119]
 [ 44.96267673  47.33719582  52.00002418  51.56125458  44.20394261
   43.4407918   50.13889676  49.6881214   49.84405932  49.34659797
   52.00000844  48.678363  ]
 [ 44.60926864  47.36446836  51.99999885  51.30509861  44.18279024
   43.48210053  48.60895182  50.27969568  50.71252926  49.16175096
   51.99999998  51.38532111]
 [ 43.47855632  46.9421995   50.92019921  49.94279298  44.38944621
   43.77298434  48.44289367  50.63512362  51.03146492  48.18402011
   51.23539285  52.00001132]
 [ 40.35663525  45.47371977  48.59919518  47.18704833  44.83878534
   44.34250735  49.47223975  50.99478338  51.05948856  48.51504074
   48.85909696  52.00001287]
 [ 40.06565158  44.31673604  47.33222733  48.41310697  45.42391185
   45.00214885  50.62862684  51.03946751  50.60094859  48.57644967
   45.61958076  51.9999998 ]
 [ 43.4641246   43.09330597  50.09919041  49.97181832  45.4528414
   45.07146938  51.19512353  50.37606273  48.97982519  48.36429551
   49.82255594  51.82493839]
 [ 44.61914736  45.61344277  51.51296661  51.32878403  44.66973042
   44.38512004  51.50212672  48.48725365  44.58561975  49.36470314
   51.31814359  51.08955875]
 [ 44.94511448  46.88379597  51.99998655  51.65830498  43.94666454
   43.25710091  51.23947544  48.61874846  48.16844479  49.67662767
   52.000007    48.87993753]
 [ 44.97429502  47.35094379  52.00000008  51.56146871  44.15766505
   43.38846448  50.15291851  49.65086975  49.83283864  49.31360216
   52.00000396  48.68100748]
 [ 44.63429602  47.40198967  51.99999996  51.33759976  44.13500939
   43.42011655  48.60892856  50.24435467  50.69717675  49.12807945
   52.00000297  51.3765807 ]] dB

Wind Directions: [   0.    22.5   45.    67.5   90.   112.5  135.   157.5  180.   202.5
  225.   247.5  270.   292.5  315.   337.5] degrees
X-locations (initial): [ 1550.  1900.  2300.  2200.  2400.  2300.  2300.  2300.   220.   350.
   350.   100.   900.   900.   800.  1100.  1300.] m
X-locations (final): [ 1548.15644341  1879.57366233  2275.05316808  2233.19767835  2502.64324803
  2293.67472308  2328.72794534  2361.            57.4671377    263.36819055
   390.84193687     0.           937.542264     865.24354151   792.55098688
  1165.35693882  1303.24992314] m
Y-locations (initial): [ 4020.  4100.  3900.  3700.  3700.  3400.  3200.  3100.  1100.  1000.
   800.   600.  1000.   900.   600.   300.   200.] m
Y-locations (final): [ 4111.63609276  4175.47527023  3934.88675288  3728.96384481  3776.35845304
  3447.72803295  3226.09514367  3023.          1080.45032545  1030.92872438
   830.50737833   616.9465225   1209.67224759   887.91172575   557.36337414
   333.39706718   117.46596608] m
RPM: [[ 28.5         28.4975844   28.49679877  27.86493682  28.49724329
   27.64030601  28.25469134  28.12853747  28.48784741  28.48212149
   28.47826927  28.40506014  28.44042136  28.38641504  28.44656081
   28.13142251  28.28530127]
 [ 28.5         28.5         28.49670252  28.41494139  28.5         28.48382678
   28.46824694  28.49452934  28.49637659  28.41722055  28.45762207
   28.44680165  28.44498879  28.422379    28.41675035  27.98997581
   28.28090957]
 [ 28.5         28.5         28.5         28.5         28.5         28.5
   28.49524468  28.49447505  28.44535742  28.41527945  28.4776329
   28.40721408  28.46929243  28.49125776  28.34809425  28.09832947
   28.30339581]
 [ 28.49295892  28.5         28.5         28.47727049  28.5         28.5
   28.5         28.49999905  28.5         28.49895036  28.5         28.46986858
   28.5         28.5         28.5         28.5         28.5       ]
 [ 28.5         28.5         28.5         28.48434657  28.5         28.5
   28.5         28.5         28.2921889   28.5         28.49077607
   28.38846356  28.5         28.5         28.5         28.5         28.5       ]
 [ 28.27346617  28.20606826  27.9019556   28.25525376  28.27473943
   28.30921382  28.34442298  28.42378669  28.16395256  28.48516892
   28.47486851  28.30491814  28.49353925  28.47283543  28.27231472
   28.31996061  28.46230222]
 [ 28.23850796  28.0433921   27.43185422  28.09054595  28.19579157
   28.26730035  28.28871919  28.30696368  28.31386915  28.08940782
   28.28869107  28.31682338  28.31282241  28.27828449  27.80711428
   28.11820274  28.28532841]
 [ 28.31895922  27.8668015   28.1065908   28.10393589  28.28843844
   28.19166515  28.05270661  28.42171077  28.47679627  28.39913229
   28.43766842  28.47929656  28.43910045  28.31047868  28.24031181
   28.28569938  28.40216977]
 [ 28.5         28.5         27.43491806  28.5         28.5         28.25750517
   28.13101593  28.5         28.39921685  28.48365636  28.48067796  28.5
   28.44546645  28.39797643  28.45885692  28.15337209  28.28833131]
 [ 28.4056272   28.45525149  28.39400584  28.48864379  28.44858009
   28.49230849  28.40845629  28.41948012  28.5         28.5         28.5
   28.5         28.42231098  28.39396294  28.47716121  28.01555888
   28.28787259]
 [ 28.5         28.5         28.5         28.5         28.5         28.4853803
   28.44918178  28.38828098  28.4936903   28.49328968  28.48280344
   28.48220379  28.47341464  28.5         28.31981711  28.11990867
   28.30647719]
 [ 28.5         28.49253913  28.5         28.5         28.47725589  28.5
   28.5         28.5         28.5         28.5         28.47366708  28.5
   28.5         28.48516343  28.5         28.5         28.5       ]
 [ 28.5         28.5         28.5         28.5         28.48425126  28.5
   28.5         28.5         28.5         28.29278414  28.5         28.5
   28.5         28.49075619  28.38793629  28.5         28.5       ]
 [ 28.28946389  28.21157718  27.89676827  28.24737275  28.23558868
   28.3082024   28.33894894  28.41931469  28.49167557  28.16425021
   28.48402251  28.49081074  28.49570271  28.48383761  28.29200301
   28.3436857   28.28965351]
 [ 28.27080313  28.06205634  27.43140187  28.06378405  28.18175464
   28.24515426  28.27104698  28.30674348  28.32206498  28.31639076
   28.15757915  28.31940275  28.31700525  28.28785062  27.79244049
   28.22389839  28.21620641]
 [ 28.31449456  28.23918739  27.98318964  28.22890202  28.27342914
   28.13795274  28.18366034  27.83415963  28.47696439  28.46564713
   28.36216328  28.47939408  28.4540267   28.33197962  28.2471974
   28.28939877  28.29090351]]
Effective wind speeds: [[ 15.          15.          15.          14.66807183  15.          14.55026071
   14.87368678  14.80755899  15.          15.          15.          14.95187708
   15.          14.99927319  14.99922368  15.          14.99948354]
 [ 15.          15.          15.          14.95674305  15.          14.99364969
   14.98585892  15.          14.99930032  14.95878334  14.97824518
   14.97567304  14.99908102  14.99783524  14.96779807  14.93717879
   14.99877607]
 [ 15.          15.          15.          15.          15.          15.
   15.          15.          14.97502236  14.95950019  14.99890154
   14.96063285  15.          15.          15.          15.          15.        ]
 [ 14.99615913  15.          15.          14.9880477   15.          15.
   15.          15.          15.          14.99918161  15.          14.98414116
   15.          15.          15.          15.          15.        ]
 [ 15.          15.          15.          14.991738    15.          15.
   15.          15.          14.89082306  15.          14.9951266
   14.94206386  15.          15.          15.          15.          15.        ]
 [ 14.98469174  14.99441202  14.98791283  15.          15.          15.
   15.          15.          14.82948282  15.          15.          14.90248484
   15.          15.          14.98870481  15.          15.        ]
 [ 14.98263788  14.98693249  14.99362418  15.          15.          15.
   15.          15.          14.99770237  14.88111211  15.          15.
   15.          15.          14.98161849  14.96256325  15.        ]
 [ 15.          14.78284416  15.          14.91274022  15.          14.93626258
   14.85877925  15.          15.          14.9637764   15.          15.
   14.9919313   14.99621211  15.          14.98781803  15.        ]
 [ 14.99948356  15.          14.44090438  15.          15.          14.87426003
   14.80756334  15.          14.95187708  15.          15.          15.
   14.99927319  14.99922367  15.          15.          15.        ]
 [ 14.9521285   14.97825863  14.94615231  14.99658365  14.97556099
   14.99897342  14.95495664  14.96061934  15.          14.99991663  15.
   15.          14.99849788  14.99960532  15.          15.          15.        ]
 [ 15.          15.          15.          15.          14.99921934
   14.99419541  14.97540152  14.94364659  15.          15.          15.
   15.          15.          15.          15.          15.          15.        ]
 [ 15.          14.99615913  15.          15.          14.9880477   15.
   15.          15.          15.          15.          14.98616547  15.
   14.99918161  14.99224703  15.          15.          15.        ]
 [ 15.          15.          15.          15.          14.991738    15.
   15.          15.          15.          14.89082306  15.          15.
   15.          14.9951266   14.94206386  15.          15.        ]
 [ 15.          15.          14.99440123  14.99773787  14.98064342  15.
   15.          15.          15.          14.82948279  15.          15.
   15.          15.          15.          14.98870501  14.9024847 ]
 [ 15.          15.          15.          14.98693491  14.99368716
   14.98901287  14.98655681  15.          15.          15.          14.9204701
   15.          15.          15.          14.91142051  15.          14.95811707]
 [ 15.          15.          15.          15.          15.          14.91275148
   14.93050221  14.74247391  15.          15.          14.96377631  15.
   15.          15.          15.          14.99621209  14.98538849]] m/s
