
CONSTRAINT SATISFIED WITHIN LIMITS
Wind Directions: [   0.    22.5   45.    67.5   90.   112.5  135.   157.5  180.   202.5
  225.   247.5  270.   292.5  315.   337.5] degrees
AEP: 97961284.5994 kWh
X-locations (initial): [ 1550.  1900.  2300.  2200.  2400.  2300.  2300.  2300.   220.   350.
   350.   100.   900.   900.   800.  1100.  1300.] m
X-locations (final): [ 1509.75677097  1805.53735941  2269.38042532  2194.19276536  2528.2542631
  2224.42233603  2324.65434692  2361.            62.61967234   309.36324689
   476.05561522     0.           988.62277812   888.88213847   930.52425442
  1155.89773212  1371.96009168] m
Y-locations (initial): [ 4020.  4100.  3900.  3700.  3700.  3400.  3200.  3100.  1100.  1000.
   800.   600.  1000.   900.   600.   300.   200.] m
Y-locations (final): [ 4272.76355814  4327.62141107  4013.          3729.35964432  3953.72009351
  3455.82206454  3282.41363225  3023.          1100.66692646  1043.62948792
   793.51242857   665.7348111   1210.           856.42790993   536.65506584
   375.25844148     0.        ] m
RPM: [[ 28.5         28.5         28.5         28.5         28.5         27.90432572
   28.47886431  28.30230801  28.49999611  28.49998507  28.49996493
   28.4736063   28.49998212  28.49993685  28.35828614  28.49971992
   28.49824063]
 [ 28.5         28.5         28.5         28.37561297  28.5         28.5
   28.49378056  28.5         28.49768123  28.49700448  28.4981348
   28.44128447  28.49316075  28.40646018  28.40035027  28.41254523  28.5       ]
 [ 28.5         28.5         28.49998078  28.49870074  28.5         28.49997405
   28.49997215  28.49929151  28.41137129  28.37805684  28.45654065
   28.41025993  28.48935375  28.45089343  28.23711233  28.36586966
   28.47939316]
 [ 28.48435573  28.5         28.5         28.5         28.5         28.5
   28.5         28.5         28.49995467  28.49991393  28.49927948
   28.47490441  28.49989686  28.49871441  28.47535414  28.49699497
   28.49949661]
 [ 28.49707978  28.5         28.47797217  28.5         28.5         28.5
   28.5         28.5         28.45992986  28.5         28.49868245  28.5
   28.5         28.5         28.49999889  28.5         28.5       ]
 [ 28.45735975  28.47036073  28.47182553  28.5         28.5         28.5
   28.5         28.5         28.43950287  28.46291119  28.46826857
   28.49061316  28.5         28.5         28.48773943  28.5         28.5       ]
 [ 28.47097687  28.5         28.5         28.5         28.5         28.37376034
   28.5         28.5         28.5         28.19424939  28.48739148  28.5
   28.5         28.5         28.46414738  28.5         28.5       ]
 [ 28.5         28.1696592   28.5         28.25753719  28.5         27.48689904
   28.49521281  28.5         28.4994741   28.49898484  28.49802158
   28.49931146  28.49351638  28.48996052  28.42351831  28.48266709
   28.49861084]
 [ 28.49822695  28.5         28.10443758  28.05323541  28.5         28.5
   28.30127022  28.5         28.47294597  28.49883195  28.49724646
   28.49904348  28.38126889  28.41797868  28.36277535  28.48862679
   28.4980726 ]
 [ 28.4411281   28.49701582  28.35518606  28.42910003  28.48741588
   28.43168358  28.41510962  28.48186033  28.49962567  28.4994      28.49859759
   28.49950779  28.4383432   28.49742016  28.44640821  28.49484851
   28.49901327]
 [ 28.4993791   28.49941323  28.49936132  28.49925101  28.49856695
   28.49692797  28.41545339  28.37198036  28.49149786  28.43727345
   28.46706853  28.48865944  28.45974576  28.43117925  28.24661728
   28.35981233  28.46798059]
 [ 28.5         28.48443196  28.5         28.5         28.5         28.5
   28.5         28.5         28.49994629  28.49989961  28.47437806
   28.49991766  28.49963146  28.49872664  28.47590822  28.49702307
   28.49949869]
 [ 28.5         28.49707961  28.5         28.5         28.47798883  28.5
   28.5         28.5         28.5         28.46022869  28.5         28.5
   28.5         28.49869379  28.5         28.5         28.5       ]
 [ 28.5         28.5         28.45739329  28.5         28.45902038  28.5
   28.5         28.5         28.5         28.43935279  28.5         28.5
   28.5         28.46292308  28.46838535  28.48774058  28.49061968]
 [ 28.5         28.5         28.5         28.5         28.5         28.47101799
   28.37338046  28.5         28.5         28.5         28.47010136  28.5
   28.5         28.5         28.49770438  28.47704155  28.19408337]
 [ 28.5         28.5         28.5         28.5         28.5         28.46319798
   27.66306272  27.79569216  28.49948917  28.49918127  28.49787235
   28.49932975  28.49901854  28.49651584  28.42318544  28.48530139
   28.48821172]]
Effective wind speeds: [[ 15.          15.          15.          15.          15.          14.68624689
   14.98885237  14.89640949  15.          15.          15.          14.98614646
   15.          15.          14.92608435  15.          14.99909333]
 [ 15.          15.          15.          14.93444248  15.          14.99984516
   14.99661181  15.          14.99879169  14.99842452  14.99902479
   14.96910348  14.99639747  14.9508233   14.94762982  14.95398885
   14.99999529]
 [ 15.          15.          15.          14.99957648  15.          15.
   15.          15.          14.95609576  14.94754639  14.98750884
   14.9564766   15.          15.          15.          15.          15.        ]
 [ 14.99181301  15.          15.          15.          15.          15.
   15.          15.          15.          15.          15.          14.98693575
   15.          15.          15.          15.          15.        ]
 [ 14.99845766  15.          14.98841426  15.          15.          15.
   15.          15.          14.97905255  15.          14.99935519  15.
   15.          15.          15.          15.          15.        ]
 [ 14.97746731  14.98444294  14.9852378   15.          15.          15.
   15.          15.          14.96829015  14.98058746  14.98311025
   14.99504991  15.          15.          14.99353993  15.          15.        ]
 [ 14.98468751  15.          15.          15.          15.          14.93225984
   15.          15.          14.9999796   14.83897678  14.99334714  15.
   15.          15.          14.98114721  15.          15.        ]
 [ 15.          14.82600985  15.          14.87289041  15.          14.46683061
   14.99749976  15.          15.          14.99990837  15.          15.
   14.99711741  14.99654578  15.          14.99531384  15.        ]
 [ 14.99909333  15.          14.79145564  14.76531821  15.          15.
   14.89641437  15.          14.98614646  15.          15.          15.
   14.938004    14.95975279  15.          15.          15.        ]
 [ 14.96906322  14.99844963  14.92411116  14.96269704  14.99330209
   14.96397563  14.95532346  14.99062601  15.          15.          15.
   15.          14.96801323  15.          15.          15.          15.        ]
 [ 15.          15.          15.          15.          14.99957401
   14.99884185  14.95609317  14.93329248  15.          14.9860646   15.
   15.          14.98750885  15.          15.          15.          15.        ]
 [ 15.          14.99181301  15.          15.          15.          15.
   15.          15.          15.          15.          14.98693575  15.
   15.          15.          15.          15.          15.        ]
 [ 15.          14.99845766  15.          15.          14.98841426  15.
   15.          15.          15.          14.97905255  15.          15.
   15.          14.99935519  15.          15.          15.        ]
 [ 15.          15.          14.97749182  15.          14.97852796  15.
   15.          15.          15.          14.96829106  15.          15.
   15.          14.98058596  14.98311025  14.99353993  14.99504991]
 [ 15.          15.          15.          15.          15.          14.98470997
   14.93225476  15.          15.          15.          14.98417734  15.
   15.          15.          14.99879337  14.98794382  14.83896894]
 [ 15.          15.          15.          15.          15.          14.98035499
   14.5602005   14.63000576  15.          15.          14.99990837  15.
   15.          15.          15.          14.99654578  14.99449824]] m/s
Max SPL: 56.0040749378 dB
SPL: [[ 46.36081304  52.72872005  53.38155447  51.64632148  45.24567802
   44.71260717  53.01677337  52.3249307   49.99940188  50.68632895
   55.99667267  54.76634228]
 [ 46.06243029  52.80534663  53.97907542  52.6253334   45.35736469
   44.76156644  52.89938     52.29503227  49.9863113   50.72834037
   55.96566659  54.74281605]
 [ 46.70817338  52.50106002  54.30768625  52.62918068  45.31616468
   44.78178084  53.05609398  52.14681217  49.94804521  50.69367238
   55.99819486  54.76302161]
 [ 46.42104757  50.49852624  54.36452891  52.46361902  45.31951897
   44.78572546  53.07251278  52.15683914  49.94409488  50.79738299
   55.99997647  54.84022305]
 [ 46.48146974  52.63830742  54.3412165   52.65936799  45.3158978
   45.011376    53.06679782  51.23794919  48.69551213  50.38838114
   55.64805665  54.83191071]
 [ 46.41080393  52.7366632   54.41204511  52.68486143  45.34387026
   44.93999161  53.00714958  52.01784545  49.94694709  50.73456804
   52.93665924  54.73155953]
 [ 46.4145655   52.73843842  54.36971105  52.66019987  45.30239785
   44.76777378  51.84285624  52.16947254  49.98848904  50.72206835
   55.81661941  53.36500043]
 [ 46.35603508  52.72219819  54.24832625  52.48597347  45.1659664
   44.64645176  53.09657857  52.18406     50.06944786  50.75233414
   55.99999981  54.30453919]
 [ 46.34412671  52.72163572  53.17717764  51.48034185  45.22223879
   44.69088184  53.00260797  52.32326945  50.00632652  50.67823038
   55.99999929  54.75860206]
 [ 46.03275785  52.77054389  53.91364864  52.57470053  45.33328596
   44.73821654  52.91189188  52.31590596  50.0157823   50.74377794
   55.99999355  54.79202164]
 [ 46.70172635  52.49983414  54.30550825  52.62608008  45.3050812
   44.77059776  53.06612363  52.1909943   49.98958127  50.70636837
   56.00407494  54.76037602]
 [ 46.42539576  50.50387824  54.36423397  52.46314926  45.32008723
   44.78633382  53.06502295  52.16308454  49.95384232  50.79197713
   55.99999005  54.84014373]
 [ 46.48252644  52.63979576  54.35055626  52.66590911  45.31649686
   45.01191807  53.06456751  51.24255479  48.6956286   50.38750141
   55.64792971  54.83182938]
 [ 46.42985705  52.76222081  54.40498792  52.68005955  45.3488031
   44.9442756   53.01199884  52.02978687  49.95345358  50.74023498
   52.92653866  54.72313646]
 [ 46.42649677  52.7546606   54.37072052  52.66190458  45.30747972
   44.77275278  51.87656663  52.1954376   49.99904714  50.73351476
   55.83094799  53.34527865]
 [ 46.40192113  52.75116129  54.28467154  52.54651605  45.21782283
   44.6916891   53.09712314  52.18399571  50.0693565   50.75238171
   55.99997679  54.30547876]] dB
