
CONSTRAINT SATISFIED WITHIN LIMITS
Wind Directions: [   0.    22.5   45.    67.5   90.   112.5  135.   157.5  180.   202.5
  225.   247.5  270.   292.5  315.   337.5] degrees
AEP: 97726862.9242 kWh
X-locations (initial): [ 1550.  1900.  2300.  2200.  2400.  2300.  2300.  2300.   220.   350.
   350.   100.   900.   900.   800.  1100.  1300.] m
X-locations (final): [ 1404.          1766.0951383   2320.2868766   2188.83047813  2486.11269464
  2233.37960788  2269.32877493  2361.            68.09839805   291.68187344
   232.9474316      0.          1000.           848.15059913   891.09308365
  1180.15791416  1410.        ] m
Y-locations (initial): [ 4020.  4100.  3900.  3700.  3700.  3400.  3200.  3100.  1100.  1000.
   800.   600.  1000.   900.   600.   300.   200.] m
Y-locations (final): [ 4154.92098684  4227.45275449  3887.64257614  3705.86575363  3767.6413458
  3449.65308297  3175.97002188  3023.          1410.          1083.95849226
   767.82121332   625.76399258  1138.59733579   911.98133836   657.06352311
   243.45674068   191.48292133] m
RPM: [[ 28.28237342  28.20303812  27.90371706  28.11754147  28.19974463
   28.23048088  27.97896198  28.15580141  28.21254411  28.09082185
   27.83076913  27.51847698  28.25208126  28.21867255  28.1235165
   27.90151592  28.05201337]
 [ 28.31704963  28.30119886  28.22442785  28.14417208  28.29515404
   28.31023073  27.86294888  28.31876773  28.24508837  28.14837488
   28.00500074  27.49134993  28.21074335  27.94887973  28.04582056
   27.96466738  28.17938147]
 [ 28.41739122  28.43468726  28.41755384  28.18300406  28.41303819
   28.34687244  28.38357206  28.38086801  28.11834523  27.97756595
   27.87093578  27.57610946  28.17634648  27.92867202  28.11196791
   28.09448703  28.20643027]
 [ 28.28459426  28.22272202  27.98758363  28.09900198  28.21929825
   28.25625228  28.29524676  28.30304135  28.17558979  27.8977691
   27.75375922  27.78558188  28.11111311  27.75428487  28.01536336
   28.09573359  28.20351166]
 [ 28.30295613  28.245038    28.09305607  28.22040483  28.24656709
   28.2869697   28.30607979  28.31068137  28.21945389  27.90645528
   27.99028034  27.92596221  28.07087327  27.62231893  27.96435978
   28.12009689  28.27411644]
 [ 28.23178428  28.16805348  27.60051067  28.06498311  28.1570718
   28.23467282  28.27853148  28.29203219  28.14751717  27.83676867
   27.69076669  27.75318412  28.11695468  27.76817835  28.04822736
   28.16895598  28.27625569]
 [ 28.29021223  28.22622243  27.79035123  28.22062685  28.25027442
   28.2898821   27.78773649  28.30954983  27.95757176  27.81211995
   27.90563863  27.68275236  28.15863504  27.88100304  27.89055652
   28.04109518  28.1789061 ]
 [ 28.28677927  28.19857708  27.9559594   28.09782158  28.21179671
   27.87723586  27.46784261  28.29608545  28.19957476  28.03866616
   27.82793058  27.55970196  27.75575231  28.05303737  28.12426481
   27.94652573  28.11112607]
 [ 28.24721216  28.25147489  27.84959875  28.19173934  28.23573456
   28.08287453  28.30593044  28.31185747  28.18420151  28.05932765
   27.85701718  27.51314891  28.23633934  28.17572057  28.15350552
   27.87831125  28.08733866]
 [ 28.36147829  28.37309827  28.19813071  28.27964092  27.96751386
   28.39900387  28.36242938  28.23267761  28.23752848  28.11575755
   28.00750336  27.48702772  28.08510998  27.97436577  28.08560261
   27.97142317  28.14197342]
 [ 28.42449956  28.43349288  28.20635991  28.41180088  28.34632185
   28.34594273  28.36213647  28.24486329  28.1887074   27.99252445
   27.8431907   27.57288422  28.16863965  27.92326097  28.10712497
   28.09664788  28.20679282]
 [ 28.28872808  28.21736615  27.98024904  28.15034499  28.16160753
   28.25620238  28.29521007  28.30316088  28.16931772  27.90969086
   27.71813696  27.80225335  28.08777666  27.75966521  28.05292685
   28.0900515   28.20187153]
 [ 28.30302748  28.24515708  28.09166833  28.21979662  28.24193437
   28.28690833  28.3063318   28.31094588  28.22527428  27.94172478
   28.00660472  28.19965674  28.0654388   27.65099735  27.74722042
   28.24274634  28.14615075]
 [ 28.23895859  28.1374389   27.72283372  28.01706936  27.86986195
   28.21797668  28.26707595  28.28525623  28.14567616  27.85042326
   27.69352222  27.74529449  28.11837199  27.76116392  28.05191376
   28.23699417  28.18898656]
 [ 28.28721777  28.21680261  27.9464869   28.12329209  27.87596432
   28.24078609  28.26779244  27.78666608  28.17148299  27.91044291
   27.79021968  27.69357828  28.13989857  27.8150432   27.99771324
   27.92836375  28.09257309]
 [ 28.27807573  28.19319671  27.89481119  28.10217479  28.19022505
   28.20621055  28.26332946  27.38030116  28.19928856  28.00002576
   27.83711744  27.55694654  28.17981905  27.96406558  28.08470529
   28.10785469  27.75966254]]
Effective wind speeds: [[ 15.          15.          15.          15.          15.          14.98679097
   14.83218393  14.92104038  15.          15.          14.98024927
   14.98345615  15.          15.          14.97766782  14.99939536
   14.96993264]
 [ 15.          15.          15.          14.92831711  15.          15.
   14.75533287  15.          14.9990141   14.99853848  14.97543675
   14.96913677  14.99797262  14.94087196  14.94853961  14.95100207
   14.99958766]
 [ 15.          15.          15.          14.88467202  15.          14.98279798
   15.          15.          14.95431728  14.97941936  14.99387206
   14.9599319   15.          14.99800394  15.          15.          15.        ]
 [ 14.99776384  15.          15.          14.96809215  15.          15.
   15.          15.          15.          15.          14.96830134
   14.93487655  15.          15.          15.          15.          15.        ]
 [ 15.          15.          15.          15.          15.          15.
   15.          15.          15.          14.98866571  15.          14.84638591
   15.          15.          15.          14.92693674  15.        ]
 [ 14.98346067  15.          14.84774836  15.          15.          15.
   15.          15.          15.          14.99015726  14.99337422
   14.99825312  15.          15.          15.          14.95145953  15.        ]
 [ 14.99246455  14.98886471  14.8111369   15.          15.          15.
   14.72311695  15.          14.8569536   14.88080332  15.          15.
   15.          14.99994436  14.89714771  15.          15.        ]
 [ 15.          14.99100109  15.          14.97687648  15.          14.79012897
   14.5560529   15.          14.99963235  15.          15.          15.
   14.74152905  14.97486198  15.          15.          15.        ]
 [ 14.96994858  15.          14.85126468  14.98678349  15.          14.88873961
   15.          15.          14.98359199  14.98029118  15.          15.
   15.          14.97767324  15.          15.          15.        ]
 [ 14.96937578  14.97545138  14.92203687  14.95863787  14.7553252
   14.99893244  14.99866446  14.95110789  15.          15.          15.
   15.          14.94097168  15.          15.          15.          15.        ]
 [ 15.          15.          14.88466813  14.99871606  14.9568869
   14.97718831  14.98854653  14.95651406  15.          15.          14.99554741
   15.          14.99800756  15.          15.          15.          15.        ]
 [ 15.          14.99776356  15.          15.          14.96810041  15.
   15.          15.          15.          15.          14.96948486  15.
   14.96833637  14.9424708   15.          15.          15.        ]
 [ 15.          15.          15.          15.          15.          15.
   15.          15.          15.          15.          15.          15.
   14.98867782  15.          14.84615556  15.          14.92694101]
 [ 15.          15.          15.          15.          14.84750248  15.
   15.          15.          15.          15.          15.          15.
   15.          14.9901466   15.          14.99825802  14.95101729]
 [ 15.          15.          15.          14.98886483  14.8114779
   14.99752721  14.99315125  14.72311746  15.          14.99751704  15.
   15.          15.          15.          14.96218991  14.81773575
   14.89715045]
 [ 15.          15.          15.          15.          15.          14.97689101
   14.99193676  14.50894298  15.          15.          14.99963125  15.
   15.          15.          14.98362826  14.98093753  14.74144448]] m/s
Max SPL: 51.0007746113 dB
SPL: [[ 46.54331226  49.01619166  51.00000001  50.82331098  45.65091424
   45.12318189  50.68364107  51.          51.          49.2093858
   50.89494799  51.        ]
 [ 46.62324602  48.91297201  51.0000156   50.49648729  45.69984206
   45.3658216   51.00032686  50.60608459  51.00019244  49.43361273
   50.83590535  51.00007542]
 [ 46.15869293  49.15600726  50.68616424  50.96120111  45.79336857
   45.26272142  51.          51.          51.          49.13225528
   50.91994171  51.        ]
 [ 46.51975749  49.01331779  51.00000001  50.71519828  45.69065346
   45.163643    51.          51.          50.97633329  49.33789559
   50.79094072  51.        ]
 [ 46.66280682  48.90510261  51.00077461  50.89532336  45.71923855
   45.33800389  51.0000119   50.56802711  49.1865587   49.22555229
   49.84867248  50.98147984]
 [ 46.53020687  48.84368231  51.00000048  50.81134006  45.70153039
   45.3547279   51.00000002  51.00000001  50.9695635   49.18468157
   50.91754549  50.55741035]
 [ 46.55552964  49.01283351  51.00000015  50.83774355  45.66816153
   45.13605687  51.          51.          51.          49.38593297
   50.809338    51.        ]
 [ 46.53835662  49.00987449  51.00000001  50.82365224  45.606207
   45.08332605  51.          51.          51.          49.17373548
   50.87800352  51.        ]
 [ 46.53397389  49.00996636  51.00001918  50.82840349  45.66769697
   45.14025466  50.67527887  51.00000106  51.00000085  49.21105449
   50.90155722  51.00000135]
 [ 46.6499341   48.94242834  51.00000009  50.50976636  45.73801218
   45.41782722  51.0000018   50.6030838   51.00000106  49.43521718
   50.84881123  51.00000042]
 [ 46.15804463  49.15777931  50.65836936  50.9373266   45.79224711
   45.2605434   51.          51.          51.          49.12961705
   50.91838017  51.        ]
 [ 46.52104303  49.01416515  51.00000001  50.71601575  45.69229726
   45.16506487  51.          51.          50.98448853  49.33844699
   50.80052559  51.        ]
 [ 46.66470581  48.90457305  51.00003792  50.89467163  45.7178867
   45.336053    51.00000058  50.62678892  49.29040776  49.2307201
   49.81768046  50.98734018]
 [ 46.52634015  48.83844652  51.00000003  50.80637185  45.68808922
   45.34223226  51.00000009  51.00000004  50.96693592  49.18542072
   50.92314775  50.55922401]
 [ 46.54771025  49.00595645  51.00000008  50.83040719  45.65203638
   45.12029001  51.          51.          51.          49.37881938
   50.82095025  50.95077688]
 [ 46.54050468  49.0101542   51.00000001  50.82828116  45.63433829
   45.11012428  51.          51.          51.          49.17393102
   50.87366989  51.        ]] dB
