
CONSTRAINT SATISFIED COMPLETELY
Wind Directions: [   0.    22.5   45.    67.5   90.   112.5  135.   157.5  180.   202.5
  225.   247.5  270.   292.5  315.   337.5] degrees
AEP: 97709138.906 kWh
X-locations (initial): [ 1550.  1900.  2300.  2200.  2400.  2300.  2300.  2300.   220.   350.
   350.   100.   900.   900.   800.  1100.  1300.] m
X-locations (final): [ 1546.24008051  1904.83535019  2247.60523002  2205.93396024  2488.7250694
  2253.11919838  2285.17554757  2314.32858226   112.92796131   309.10817279
   452.18896492    55.13738781   915.82433069   839.01626364   875.34692276
  1118.28444705  1264.7421095 ] m
Y-locations (initial): [ 4020.  4100.  3900.  3700.  3700.  3400.  3200.  3100.  1100.  1000.
   800.   600.  1000.   900.   600.   300.   200.] m
Y-locations (final): [ 4067.4990999   4134.92789937  3887.46937169  3662.84563911  3831.1477834
  3426.02364525  3216.85964381  3023.          1057.78019691  1010.0493146
   788.72465081   695.84557868  1125.03455687   842.36521454   543.78815848
   351.3019282     96.89387708] m
RPM: [[ 28.5         28.5         28.5         28.42735559  28.5         28.30830416
   28.44201736  28.20307334  28.5         28.5         28.33508591
   28.49414607  28.5         28.29554593  28.24687342  28.29307249
   28.44791979]
 [ 28.49410738  28.4751643   28.4751862   28.22684568  28.49005683
   28.19467262  28.49602421  28.48706901  28.5         28.48699567
   28.49848704  28.49076067  28.5         28.43532499  28.2167668
   28.35910788  28.5       ]
 [ 28.5         28.5         28.5         28.5         28.5         28.5
   28.5         28.5         28.48262565  28.49704665  28.5         28.25787237
   28.5         28.5         28.42456309  28.23683926  28.42549921]
 [ 28.4928747   28.5         28.5         28.42082727  28.5         28.5
   28.5         28.5         28.5         28.5         28.28694742
   28.32667766  28.5         28.5         28.45885785  28.28085317
   28.4441712 ]
 [ 28.5         28.5         28.49968714  28.29444687  28.5         28.5
   28.5         28.5         28.32131941  28.28144656  28.5         28.30048498
   28.5         28.46754348  28.19148165  28.39707219  28.5       ]
 [ 28.41040221  28.21319608  28.38185325  28.5         28.5         28.5
   28.5         28.5         28.18058401  28.49908281  28.22877559  28.5
   28.5         28.5         28.35920368  28.24377363  28.5       ]
 [ 28.33470345  28.43906287  28.5         28.5         28.5         28.44498752
   28.5         28.5         28.21390297  28.38509303  28.5         28.5
   28.5         28.5         27.72659275  28.5         28.5       ]
 [ 28.5         28.00908712  28.29167223  28.01647366  28.5         28.18777952
   27.90602065  28.5         28.2906054   28.48845403  28.5         28.5
   28.05503215  28.36329725  28.39787078  28.23725283  28.45383991]
 [ 28.5         28.5         27.42002341  28.4992403   28.5         28.18928457
   28.04847486  28.5         28.47664536  28.28206803  28.5         28.5
   27.70650954  28.31137006  28.40716128  28.31254946  28.45408401]
 [ 28.46149506  28.49565394  28.20606392  28.49239232  28.09905409
   28.49318049  28.45218858  28.46595544  28.5         28.5         28.5
   28.5         28.33659379  28.28914382  28.5         28.37671322
   28.47044841]
 [ 28.5         28.5         28.5         28.5         28.5         28.5
   28.46572186  28.45927116  28.5         28.46956489  28.3020943   28.5
   28.5         28.5         28.42852953  28.29195061  28.43003754]
 [ 28.5         28.49149436  28.5         28.5         28.28466616  28.5
   28.5         28.5         28.5         28.5         28.49462357  28.5
   28.22169936  28.33416039  28.46108619  28.30849396  28.44699621]
 [ 28.5         28.5         28.5         28.5         28.24637077  28.5
   28.5         28.5         28.5         28.2522227   28.5         28.5
   28.14116712  28.46116036  28.16530426  28.37976402  28.5       ]
 [ 28.5         28.5         28.28523948  28.45926589  28.35824738  28.5
   28.5         28.5         28.5         28.24140641  28.5         28.5
   28.5         28.49927969  28.19660397  28.35318014  28.26279796]
 [ 28.5         28.5         28.5         28.5         28.5         28.46402174
   28.43670101  28.5         28.5         28.30162841  28.47480511  28.5
   28.5         28.5         28.30944698  28.12483617  28.36742162]
 [ 28.5         28.5         28.5         28.5         28.29964958
   28.20914256  28.32139038  28.12844186  28.5         28.5         28.29875004
   28.5         28.5         28.29523232  28.38956538  28.24736232
   28.35781281]]
Effective wind speeds: [[ 15.          15.          15.          14.66489093  15.          14.14688158
   14.77805755  14.69907793  15.          15.          15.          14.96758387
   15.          15.          14.70689024  15.          14.99972142]
 [ 15.          15.          15.          14.99396363  15.          14.9842114
   14.96968187  15.          14.99901805  14.95883218  14.96638963
   14.97180649  14.9989028   14.90818299  14.94687336  14.93651596
   14.99890112]
 [ 15.          15.          15.          15.          15.          15.
   15.          15.          14.9518669   14.94523702  14.99990457
   14.94263331  15.          15.          15.          15.          15.        ]
 [ 14.99946844  15.          15.          14.98932755  15.          15.
   15.          15.          15.          15.          15.          14.98902902
   15.          15.          15.          15.          15.        ]
 [ 15.          15.          14.97459193  15.          15.          15.
   15.          15.          14.85561708  15.          14.99463374  15.
   15.          15.          15.          15.          15.        ]
 [ 15.          14.9321728   14.95357901  15.          15.          15.
   15.          15.          14.76665161  14.97996002  14.98729651
   14.99368198  15.          15.          15.          15.          15.        ]
 [ 14.95124654  15.          15.          15.          15.          15.
   15.          15.          14.98918366  14.85853436  14.99720131  15.
   15.          15.          14.70725744  15.          15.        ]
 [ 15.          14.66365618  15.          14.83227804  15.          14.90760073
   14.84572186  15.          15.          14.9923344   15.          15.
   14.98158869  14.99914773  15.          14.91910637  15.        ]
 [ 14.99972142  15.          14.07753187  14.99289577  15.          14.80257964
   14.69907668  15.          14.96758387  15.          15.          15.
   14.72683828  14.89371974  15.          15.          15.        ]
 [ 14.95009353  14.96639001  14.9639971   14.96043744  14.95402768
   14.99842668  14.95344089  14.96970861  15.          15.          15.
   15.          14.90820004  15.          15.          15.          15.        ]
 [ 15.          15.          15.          15.          15.          14.99901112
   14.95187507  14.93164324  15.          14.95978668  15.          15.
   14.99990458  15.          15.          15.          15.        ]
 [ 15.          14.99946844  15.          15.          14.98932755  15.
   15.          15.          15.          15.          14.99177884  15.
   14.99273491  15.          15.          15.          15.        ]
 [ 15.          15.          15.          15.          14.97459193  15.
   15.          15.          15.          14.85571689  15.          15.
   14.99442141  14.99463374  15.          15.          15.        ]
 [ 15.          15.          15.          15.          14.91780986  15.
   15.          15.          15.          14.76665398  15.          15.
   15.          14.97992893  14.98729629  14.9974452   14.99422142]
 [ 15.          15.          15.          15.          15.          14.95198027
   14.99157268  15.          15.          15.          14.96106228  15.
   15.          15.          14.99684297  14.88232192  14.69924226]
 [ 15.          15.          15.          15.          15.          14.83074328
   14.6808211   14.79237053  15.          15.          14.9923344   15.
   15.          15.          15.          14.99914775  14.91704614]] m/s
Max SPL: 55.846997979 dB
SPL: [[ 44.44433245  46.82811017  52.85627855  52.84425235  46.19366854
   45.55129125  53.14157142  53.00571745  49.30183865  51.11998612
   55.74681843  52.6406727 ]
 [ 44.75799464  46.78394505  52.58450416  52.69787883  46.28943525
   45.79888792  52.94979994  52.98875903  49.32130803  51.2158657
   55.5419226   52.72009855]
 [ 44.61127327  47.0252672   52.61178123  52.44993235  46.26360329
   45.61410157  53.2536076   52.86285583  49.23837249  51.25252965
   55.75443476  52.8042378 ]
 [ 44.46063249  46.60077022  52.66168222  52.7834684   46.25625483
   45.60715955  53.21169562  52.01746432  49.24591565  51.23276816
   54.44633848  52.69894862]
 [ 44.53727726  46.80822475  52.83703431  52.86506255  46.22911902
   45.60453952  53.22116981  52.77017711  49.1130266   51.13247244
   55.18899768  52.6280836 ]
 [ 44.40433039  46.82349815  52.87317418  52.86513143  46.22969142
   45.704082    53.17972073  52.72088172  49.07596759  51.1982024
   55.76223457  52.68182854]
 [ 44.41326171  46.78148953  52.88743656  52.87930412  46.19271877
   45.66953697  52.76507462  52.87794187  49.26768614  51.17015256
   55.53833258  52.14969511]
 [ 44.34981713  46.727574    52.71129766  52.68847559  46.14397576
   45.52041506  53.18216986  52.83567725  49.34221854  51.24893888
   55.84699798  52.36359   ]
 [ 44.39074032  46.78260861  52.52700213  52.56193953  46.1251771
   45.48338212  53.12210764  52.98831747  49.29553117  51.14468851
   55.84469569  52.65037072]
 [ 44.72857352  46.76568753  52.4927303   52.62834283  46.28693801
   45.79502212  52.93849492  52.99446241  49.32940691  51.23425536
   55.68918428  52.74080808]
 [ 44.60945514  47.02412692  52.61077862  52.44884292  46.25997342
   45.61032721  53.21393828  52.93269993  49.31783096  51.22187729
   55.76046243  52.83206355]
 [ 44.45721051  46.59799078  52.65239524  52.77593514  46.25360811
   45.60398587  53.22457661  52.06111985  49.31387268  51.27237047
   54.44537292  52.70502855]
 [ 44.53627269  46.80756208  52.83491381  52.86699436  46.23323875
   45.60776556  53.20305593  52.85548669  49.18425874  51.13461693
   55.17121713  52.6143971 ]
 [ 44.45523452  46.88801398  52.87584868  52.88345601  46.25782454
   45.72062646  53.22359472  52.76482215  49.09631415  51.24714557
   55.68605956  52.70442595]
 [ 44.46951936  46.84534499  52.89923432  52.89392399  46.22905506
   45.70475095  52.78189136  52.92588232  49.28664035  51.2089653
   55.78492116  52.02209426]
 [ 44.4409841   46.82517235  52.87242524  52.86561311  46.24171296
   45.61520608  53.1615908   52.86881752  49.34675036  51.21373835
   55.84396895  52.36802249]] dB
