
CONSTRAINT SATISFIED WITHIN LIMITS
APP: 11175.343981 kW
Max SPL: 50.0002327949 dB
SPL: [[ 43.45701049  45.37016696  49.03459505  48.38995347  45.16249238
   44.477422    48.73928295  49.48495684  50.00001731  47.35041234
   49.52013961  50.00002453]
 [ 42.11648384  44.80612923  47.18288812  47.58370659  45.16725929
   44.69123273  48.5718781   49.54438872  50.00006798  47.01574812
   48.40722476  49.96684625]
 [ 40.33759586  44.73320677  47.23774207  47.27762097  45.60220679
   45.29705024  48.20202738  49.99999885  49.61363344  46.79101495
   47.40131641  49.4614502 ]
 [ 42.16517751  44.37984303  47.98659725  47.5697944   45.54726775
   45.33852507  49.70570193  49.8219523   48.481994    47.82890359
   47.83731316  48.9917544 ]
 [ 43.93227613  44.11046176  49.22936903  48.82866307  44.51971965
   44.44123686  50.00000037  47.85741927  44.07230676  47.84857327
   47.1930598   48.75551295]
 [ 44.56670972  45.56426203  49.99892609  49.63762944  44.9189012
   43.98133816  50.00023279  48.8967371   47.13758177  47.93314779
   48.69254639  47.81412151]
 [ 44.70270083  46.11252332  49.99862913  49.64381515  45.43044174
   44.58261997  49.98378227  49.99999907  48.94311623  47.86337982
   49.85824596  48.17434284]
 [ 44.50924279  46.16455852  49.99999473  49.52622431  45.5308513
   44.77756755  49.06585812  50.00000843  49.80792811  47.46131258
   50.00009325  49.72942158]
 [ 43.50126884  45.41634616  48.96313088  48.40889347  45.24665217
   44.56913183  48.73834825  49.50259174  49.99999985  47.3435112
   49.53810887  50.00000015]
 [ 42.22608405  44.8813418   47.24746135  47.66347988  45.22921987
   44.74229224  48.56732291  49.5650508   50.0000001   46.98056239
   48.45994757  49.98441266]
 [ 40.64285158  44.78795397  47.25867464  47.29480204  45.61928655
   45.30479915  48.17121824  50.00010402  49.67693314  46.77581499
   47.42870495  49.43703708]
 [ 42.32774019  44.49059746  48.01646412  47.62422247  45.54641329
   45.35061832  49.7199197   49.87515126  48.518102    47.81751095
   47.82386921  48.98732986]
 [ 43.95744273  44.17370495  49.2477675   48.84227511  44.50393307
   44.38770673  50.00001048  47.82911059  44.03823308  47.83700199
   47.15738705  48.76737863]
 [ 44.59559671  45.59816902  49.99871815  49.63373392  44.86943498
   43.88816751  50.0000016   48.90257252  47.13380087  47.92385555
   48.65563707  47.82413109]
 [ 44.7010919   46.10675127  50.00005156  49.63874937  45.40868323
   44.55093606  49.9999979   49.99999953  48.91989354  47.83296541
   49.80113689  48.14244864]
 [ 44.50342594  46.16013404  50.00020593  49.52616353  45.5025485
   44.74295993  49.05740582  50.00000076  49.82001905  47.44289427
   50.00000125  49.72254944]] dB

Wind Directions: [   0.    22.5   45.    67.5   90.   112.5  135.   157.5  180.   202.5
  225.   247.5  270.   292.5  315.   337.5] degrees
X-locations (initial): [ 1550.  1900.  2300.  2200.  2400.  2300.  2300.  2300.   220.   350.
   350.   100.   900.   900.   800.  1100.  1300.] m
X-locations (final): [ 1475.45408897  1912.71919613  2365.64025283  2308.60630134  2482.04416489
  2121.          2159.54260029  2361.            55.63129079   435.0689394
   252.30849652     0.          1000.           945.97112001   891.93127777
  1123.96523391  1352.7666964 ] m
Y-locations (initial): [ 4020.  4100.  3900.  3700.  3700.  3400.  3200.  3100.  1100.  1000.
   800.   600.  1000.   900.   600.   300.   200.] m
Y-locations (final): [ 4013.          4317.05427139  3942.51996949  3717.68809622  3409.92695203
  3471.02585555  3169.53156592  3023.          1171.32717367  1114.37104897
   809.12928536   634.64533622  1210.           954.51198644   712.11136103
   278.66664546   119.30091748] m
RPM: [[ 28.48807004  28.43729306  28.47153758  28.35226214  28.41651243
   28.45882496  28.23336651  27.97227719  28.28306421  28.28768858
   28.24355636  27.57422443  28.28727995  28.17337837  28.16315955
   27.90716592  28.15627657]
 [ 28.49063142  28.4933305   28.47348839  28.20641269  28.49052002
   28.1240828   28.48823955  28.23133446  28.30675955  28.30900397
   28.10326159  27.52626443  28.3569804   28.30865148  28.24561993
   28.33348656  28.42606477]
 [ 28.48954674  28.49171577  28.49131298  28.48838465  28.48953605
   28.42043844  28.39959955  28.48702519  28.07500921  28.13443405
   28.09526423  27.57365045  28.31284531  28.31061174  28.3134929
   28.38366989  28.43693677]
 [ 28.43057799  28.49963718  28.49619444  28.49139352  28.49980979
   28.49798463  28.49949871  28.49974906  28.41618027  28.42384517
   28.39985317  28.37526729  28.40450855  28.44396052  28.39850115
   28.48434133  28.49250829]
 [ 28.45578123  28.45642262  28.42663903  28.4501411   28.4401386
   28.33519731  28.42691756  28.41891238  27.84663285  27.35993079
   27.48557927  28.07009135  27.92340632  27.44837629  27.5049108
   28.20578517  28.25646232]
 [ 28.27642004  28.34833668  28.32796039  28.34535904  28.35220323
   28.3877271   28.34142223  28.43169875  28.01933581  26.82608318
   27.52046963  27.98749607  28.06819914  27.49799753  27.47638497
   28.15377917  28.23971532]
 [ 28.25702482  28.14963136  27.52284326  28.15088097  28.28629666
   28.277301    28.18498218  28.30853846  28.21157684  28.06130655
   28.08515151  28.04924454  28.32076564  28.31370653  28.30180978
   28.36837965  28.33479805]
 [ 28.43768083  28.30179256  28.30079172  28.24481064  28.36112843
   28.31211331  28.40685958  28.43722115  28.08347237  28.31266074
   28.13287838  27.96791095  28.32456084  28.28518327  28.21725532
   28.26144306  28.30658223]
 [ 28.4629451   28.47305136  27.83569074  28.42021051  28.46506594
   28.30126052  28.46152599  28.46258656  28.1495205   28.28139503
   28.23320424  27.55704721  28.1976841   28.17897329  28.2544948
   27.91086705  28.16424768]
 [ 28.42400824  28.48288094  28.00332897  28.47842016  28.24731796
   28.41854004  28.47713699  28.44921515  28.27944062  28.11456404
   28.20529695  27.50125644  28.30173688  28.27175941  28.31073694
   28.43873434  28.47213613]
 [ 28.46986231  28.47639562  28.46793952  28.3874515   28.39381721
   28.46437951  28.38920707  28.31872627  28.01231114  27.87574752
   27.90038143  27.75659922  28.28776679  28.28527242  28.29732568
   28.40357514  28.4405263 ]
 [ 28.5         28.49729373  28.5         28.5         28.49474873
   28.49982822  28.49979069  28.49978354  28.4948719   28.48797364
   28.48106227  28.49500134  28.49109688  28.42722018  28.49041818
   28.49626719  28.49898438]
 [ 28.47362558  28.46958896  28.41882903  28.442553    28.35239482
   28.43006059  28.40600678  28.39488822  28.03147033  27.33871817
   27.51149724  28.08658816  27.78379763  27.46854069  27.49243132
   28.21156112  28.26004433]
 [ 28.35385521  28.34313743  28.32053321  28.24470666  28.34440912
   28.3652164   28.46098781  28.31916739  28.02134832  26.84539219
   27.51599315  28.12894621  28.07007944  27.48763869  27.47815774
   28.1730673   28.0889671 ]
 [ 28.2763545   28.0903581   27.55733201  28.07045871  28.26549925
   28.24573781  28.28638627  28.17654675  28.22511586  28.28531987
   28.11509897  28.09437683  28.32464661  28.29186703  28.11470133
   28.310106    28.16618584]
 [ 28.44987821  28.2971945   28.2817557   28.29001028  28.25163557
   28.31715227  28.42812701  28.3218295   28.17693971  28.31600929
   28.09630828  28.0207514   28.32957911  28.30074239  28.23788254
   28.22947487  28.28443557]]
Effective wind speeds: [[ 15.          15.          15.          14.98243987  15.          15.
   14.92634539  14.65597603  15.          15.          15.          14.92730856
   15.          14.94889056  14.95169861  15.          14.99609775]
 [ 15.          15.          15.          14.83771125  15.          14.79895768
   14.99954694  14.88688943  14.99943542  14.99843502  14.90569913
   14.96750061  14.99857478  14.99266629  14.95917496  14.95757834
   14.99893094]
 [ 15.          15.          15.          15.          15.          14.96221509
   14.96485145  15.          14.95978187  14.94027245  14.97907454
   14.8186577   15.          15.          15.          15.          15.        ]
 [ 15.          15.          15.          15.          15.          15.
   15.          15.          15.          15.          14.99900691
   14.96926248  15.          15.          15.          15.          15.        ]
 [ 14.98552266  15.          15.          15.          15.          14.98650584
   15.          15.          14.89779467  15.          15.          14.99695447
   15.          15.          15.          15.          15.        ]
 [ 14.95271486  15.          15.          15.          15.          15.
   14.98679512  15.          14.99879218  14.98127801  15.          14.92217773
   15.          15.          15.          14.98840945  15.        ]
 [ 14.98126399  14.99118271  15.          15.          15.          15.
   14.93587388  15.          14.99988166  14.86871911  15.          15.
   15.          15.          14.99866756  14.99390369  15.        ]
 [ 15.          14.99332886  15.          14.96380599  15.          14.98807272
   15.          15.          14.96315966  15.          15.          15.
   14.99412711  14.98791335  14.98602097  15.          15.        ]
 [ 14.99609923  15.          14.65577395  14.98699496  15.          14.92634537
   15.          15.          14.9278537   15.          15.          15.
   14.94889174  14.95169991  15.          15.          15.        ]
 [ 14.96732141  14.9986846   14.74162324  14.99845578  14.88065394
   14.96560546  14.99888218  14.98130336  15.          14.90587091  15.
   15.          14.99298427  14.97796298  15.          15.          15.        ]
 [ 15.          15.          15.          14.96220944  14.96481248
   14.99901596  14.9598715   14.92513295  15.          14.83064048
   14.95171987  15.          15.          15.          15.          15.
   15.        ]
 [ 15.          15.          15.          15.          15.          15.
   15.          15.          15.          15.          15.          15.
   14.9990069   14.96926238  15.          15.          15.        ]
 [ 15.          15.          14.98552259  15.          14.98650586  15.
   15.          15.          15.          14.95823565  15.          15.
   14.90642928  15.          14.99693054  15.          15.        ]
 [ 15.          15.          15.          14.95271477  15.          15.
   15.          14.98679507  15.          15.          15.          15.
   15.          14.98162264  14.99878253  14.99902767  14.92135783]
 [ 15.          15.          14.99111646  15.          15.          14.99623704
   14.99903912  14.93330702  15.          15.          15.          15.
   15.          15.          14.90729271  14.99756084  14.90687511]
 [ 15.          15.          15.          15.          14.96380703  15.
   15.          14.98633418  15.          15.          14.96315232  15.
   15.          15.          15.          14.98600941  14.98657485]] m/s
