
CONSTRAINT SATISFIED COMPLETELY
Wind Directions: [   0.    22.5   45.    67.5   90.   112.5  135.   157.5  180.   202.5
  225.   247.5  270.   292.5  315.   337.5] degrees
AEP: 98074420.5787 kWh
X-locations (initial): [ 1550.  1900.  2300.  2200.  2400.  2300.  2300.  2300.   220.   350.
   350.   100.   900.   900.   800.  1100.  1300.] m
X-locations (final): [ 1493.85390214  1840.9336926   2193.10509458  2235.53867215  2513.7158879
  2275.51177225  2316.92980705  2359.30327627    60.59613721   286.09445089
   443.59771795     0.           970.26670149   869.21456227   910.09237395
  1220.8049351   1274.14264472] m
Y-locations (initial): [ 4020.  4100.  3900.  3700.  3700.  3400.  3200.  3100.  1100.  1000.
   800.   600.  1000.   900.   600.   300.   200.] m
Y-locations (final): [ 4206.07717409  4271.71896521  4003.02242733  3749.5968133   3918.14265843
  3511.58678691  3267.6426919   3023.          1000.91265527  1035.97092754
   777.01570331   675.69601218  1210.           847.74792638   512.19398503
   316.55963472    28.41439676] m
RPM: [[ 28.5         28.5         28.5         28.39919039  28.5         28.30360125
   28.37532902  28.34190964  28.5         28.5         28.48948389
   28.46449538  28.5         28.48656408  28.35972404  28.48631663
   28.47820229]
 [ 28.5         28.5         28.5         28.49717006  28.5         28.4944196
   28.48975566  28.49910751  28.49283993  28.42928435  28.42690814
   28.45715342  28.41591191  28.42236381  28.46356312  28.40305637
   28.49727454]
 [ 28.5         28.5         28.5         28.49938036  28.5         28.5
   28.5         28.5         28.40555655  28.3883105   28.47375939
   28.4392848   28.5         28.5         28.49903733  28.5         28.49774437]
 [ 28.4882452   28.5         28.5         28.49761045  28.5         28.5
   28.5         28.5         28.41796015  28.5         28.5         28.4982728
   28.5         28.5         28.5         28.5         28.49873273]
 [ 28.49921587  28.49756561  28.3822695   28.48996986  28.49752551
   28.49876168  28.4994213   28.5         28.2778008   28.49310873  28.5
   28.49393521  28.5         28.5         28.49451665  28.49499805  28.5       ]
 [ 28.48709169  28.48631309  28.25110991  28.48992209  28.49382922
   28.49693618  28.49855828  28.49914976  28.47148495  28.44737718
   28.48124333  28.48793572  28.49940912  28.49972489  28.4879115
   28.47991162  28.5       ]
 [ 28.48814199  28.49226214  28.27534348  28.49047396  28.49419032
   28.48934477  28.49863596  28.49919519  28.49439647  28.18565378
   28.48345877  28.5         28.5         28.5         28.49679544  28.5
   28.5       ]
 [ 28.49920103  28.11662507  28.33766658  28.44121409  28.49748272
   28.45178599  28.44571284  28.4997312   28.5         28.48517945  28.5
   28.5         28.49535401  28.44645788  28.5         28.48950262  28.5       ]
 [ 28.5         28.5         28.44092737  28.3957078   28.5         28.46397509
   28.37712046  28.5         28.4778334   28.49732924  28.5         28.5
   28.44439649  28.45030292  28.49368497  28.49863691  28.5       ]
 [ 28.4304557   28.44912122  28.37951724  28.43923455  28.48557858
   28.49745484  28.47296123  28.41093048  28.5         28.5         28.5
   28.5         28.46286792  28.5         28.5         28.5         28.5       ]
 [ 28.5         28.5         28.5         28.5         28.49902215
   28.49905494  28.42452526  28.39172635  28.5         28.48880609  28.5
   28.5         28.47150502  28.5         28.4998773   28.5         28.5       ]
 [ 28.5         28.48726369  28.5         28.5         28.4641754   28.5
   28.5         28.5         28.5         28.44483707  28.4908178   28.5
   28.5         28.49964375  28.5         28.5         28.5       ]
 [ 28.49920918  28.49740035  28.38218907  28.49588795  28.49206119
   28.49876281  28.49941969  28.5         28.5         28.31899971  28.5
   28.5         28.49690571  28.49726278  28.49883553  28.4705438   28.5       ]
 [ 28.49792363  28.49349727  28.24977458  28.48817078  28.45731596
   28.49682257  28.49850438  28.49911821  28.5         28.49327209
   28.4408301   28.5         28.49938997  28.44186138  28.49180035
   28.48474967  28.49829137]
 [ 28.49829404  28.49466457  28.27106728  28.49121356  28.49474644
   28.4759747   28.49651244  28.49927411  28.5         28.5         28.49958715
   28.5         28.5         28.5         28.4987338   28.49761785
   28.12751827]
 [ 28.49892576  28.49667839  28.34228977  28.41734893  28.49662204
   28.35869714  28.34951799  28.07924912  28.5         28.5         28.48459902
   28.5         28.5         28.5         28.5         28.49883157
   28.47125227]]
Effective wind speeds: [[ 15.          15.          15.          14.97393903  15.          14.95120507
   14.96604093  14.97440734  15.          15.          15.          14.9874508
   15.          15.          14.93043646  14.99966735  14.99758394]
 [ 15.          15.          15.          15.          15.          14.98791566
   14.99628055  15.          14.98133925  14.99576616  14.96827119
   14.96813959  14.95415886  14.95623135  14.96227102  14.9481695
   14.9988831 ]
 [ 15.          15.          15.          15.          15.          15.
   15.          15.          14.95568221  14.949282    14.98303901
   14.95768705  15.          15.          15.          15.          15.        ]
 [ 14.99859108  15.          15.          14.99223049  15.          15.
   15.          15.          14.95453114  15.          15.          14.99791928
   15.          15.          15.          15.          15.        ]
 [ 15.          15.          15.          15.          15.          15.
   15.          15.          14.87424619  15.          15.          15.
   15.          15.          15.          15.          15.        ]
 [ 14.99937795  14.98710642  14.9792336   15.          15.          15.
   15.          15.          14.97518425  14.98203071  14.98807442
   14.99650229  15.          15.          14.98787526  15.          15.        ]
 [ 14.98829292  14.99693179  15.          15.          15.          15.
   15.          15.          15.          14.82065282  14.98777646  15.
   15.          15.          14.99831     15.          15.        ]
 [ 15.          14.80803547  14.98324017  14.95450828  15.          14.9633656
   14.95666056  15.          15.          14.98896475  15.          15.
   14.99976689  14.99039447  15.          14.98990924  15.        ]
 [ 14.99932632  15.          14.97393903  14.95120498  15.          14.96604077
   14.97440725  15.          14.9874508   15.          15.          15.
   14.9511014   14.95052259  15.          14.99765604  15.        ]
 [ 14.96284303  14.96826183  14.93957002  14.96243007  14.98730924
   14.99644854  14.99867612  14.94817924  15.          15.          15.
   15.          14.98092121  15.          15.          15.          15.        ]
 [ 15.          15.          15.          15.          15.          14.99934959
   14.95567383  14.93451252  15.          14.9914603   15.          15.
   14.98303901  15.          15.          15.          15.        ]
 [ 15.          14.99859108  15.          15.          14.99223049  15.
   15.          15.          15.          14.95453114  14.99791928  15.
   15.          15.          15.          15.          15.        ]
 [ 15.          15.          15.          15.          15.          15.
   15.          15.          15.          14.87424619  15.          15.
   15.          15.          15.          15.          15.        ]
 [ 15.          15.          14.99937792  15.          14.97555831  15.
   15.          15.          15.          15.          14.97518425  15.
   15.          14.98203071  14.98807442  14.98787525  14.99650229]
 [ 15.          15.          14.99706307  14.99911148  15.          14.99070477
   14.9928828   15.          15.          15.          14.99967606  15.
   15.          15.          14.99575849  15.          14.82027914]
 [ 15.          15.          15.          14.9832405   15.          14.95450837
   14.95938211  14.80398743  15.          15.          14.98896475  15.
   15.          15.          15.          14.99976689  14.9860684 ]] m/s
Max SPL: 59.9845987229 dB
SPL: [[ 46.08796535  50.29440125  59.64395586  52.74480387  45.45641147
   44.91768297  52.37335093  54.05228867  49.94347471  50.99158823
   58.45673017  53.80238305]
 [ 46.24789049  50.27327458  57.33822395  55.81455654  45.67975347
   44.94438305  52.28363636  54.02894295  49.92785161  50.98727938
   58.5134316   53.83803043]
 [ 46.39664621  50.29761985  58.10570264  56.01521377  45.50736471
   44.95948875  52.44648579  53.95566348  49.91177025  51.20443987
   58.47807179  53.80964843]
 [ 46.10544643  49.87967752  59.72163986  56.02211567  45.50667094
   44.95919769  52.43274982  53.93843934  49.89945524  50.8218356
   58.19949247  53.74510168]
 [ 46.23315144  50.08019365  59.97364267  56.03095745  45.44843161
   44.96467639  52.42610297  53.14537422  48.82468408  50.9539219
   56.17886486  52.89338775]
 [ 46.100621    50.32871182  59.98146211  55.9661724   45.50147738
   45.02353161  52.40511249  52.66156053  49.89460264  51.02933716
   57.0144888   53.38162923]
 [ 46.10061257  50.29009723  59.98459872  55.9121264   45.48349937
   44.93494488  51.84161732  53.89714745  49.92594941  51.00436486
   58.28227583  53.77034745]
 [ 46.06003016  50.25852385  59.91864726  55.6241659   45.43262801
   44.88675997  52.42645646  53.9820182   50.01221868  51.04075526
   58.49154388  53.8132431 ]
 [ 46.09143652  50.29571663  59.60906315  52.73135062  45.47068871
   44.93235331  52.37388192  54.05327423  49.95931656  51.0036086
   58.53908895  53.8167054 ]
 [ 46.20612403  50.22994868  57.26398787  55.74555689  45.64895171
   44.91375622  52.32645249  54.05065721  49.95857715  51.0275782
   58.54202276  53.89315664]
 [ 46.39050477  50.29652524  58.10506831  56.01415202  45.49892001
   44.95102851  52.4661561   54.0069541   49.94951751  51.22639794
   58.47962142  53.81093941]
 [ 46.10775615  49.88301021  59.72110952  56.02107661  45.5060625
   44.95863596  52.42798572  53.96104219  49.90234515  50.8191736
   58.19942205  53.7450678 ]
 [ 46.23290569  50.0802266   59.97364878  56.03110346  45.44874038
   44.96495776  52.41673784  53.21597364  48.83387375  50.95267338
   56.18013642  52.88297403]
 [ 46.1046149   50.33422597  59.98202496  55.96624549  45.5021071
   45.02467381  52.39284201  52.67238101  49.89974354  51.01843237
   57.01528242  53.38164101]
 [ 46.10503468  50.29551938  59.98154269  55.9096115   45.48457418
   44.93624094  51.87747605  53.92041135  49.93877681  51.0214799
   58.28116315  53.75354396]
 [ 46.09318112  50.29552585  59.92562605  55.63616861  45.4344179
   44.886905    52.43086741  53.98266698  50.01286518  51.03969424
   58.49222619  53.81781966]] dB
