
CONSTRAINT SATISFIED COMPLETELY
Wind Directions: [   0.    22.5   45.    67.5   90.   112.5  135.   157.5  180.   202.5
  225.   247.5  270.   292.5  315.   337.5] degrees
AEP: 98007447.2969 kWh
X-locations (initial): [ 1550.  1900.  2300.  2200.  2400.  2300.  2300.  2300.   220.   350.
   350.   100.   900.   900.   800.  1100.  1300.] m
X-locations (final): [ 1487.05076061  1901.52819658  2263.87931444  2220.67520695  2538.
  2281.37542654  2321.69459791  2361.            61.47611681   296.58106633
   458.57365593     0.           995.73306161   887.0729947    931.93175218
  1148.8061034   1356.30364756] m
Y-locations (initial): [ 4020.  4100.  3900.  3700.  3700.  3400.  3200.  3100.  1100.  1000.
   800.   600.  1000.   900.   600.   300.   200.] m
Y-locations (final): [ 4204.99194359  4293.05398243  4013.          3773.55695566  3954.07235377
  3494.59692061  3257.67074678  3023.          1072.77858532  1017.7828005
   774.03329353   653.10431731  1210.           828.51054978   510.23415405
   356.42926152     0.        ] m
RPM: [[ 28.5         28.5         28.5         27.97428547  28.5         27.639476
   28.41331475  28.39204445  28.5         28.5         28.49999892
   28.46830687  28.5         28.49999892  28.43643194  28.5         28.494842  ]
 [ 28.5         28.5         28.5         28.49654168  28.5         28.44812024
   28.49101299  28.49999891  28.49567314  28.4975058   28.43863585
   28.43962551  28.47581564  28.41864873  28.43085252  28.40928464  28.5       ]
 [ 28.5         28.5         28.5         28.5         28.5         28.5
   28.5         28.5         28.41612814  28.40036844  28.48049088
   28.41795879  28.5         28.5         28.5         28.5         28.5       ]
 [ 28.49824301  28.5         28.5         28.46614135  28.5         28.5
   28.5         28.5         28.5         28.49666426  28.5         28.47525073
   28.5         28.5         28.5         28.5         28.5       ]
 [ 28.5         28.5         28.47359284  28.5         28.5         28.5
   28.5         28.5         28.43194355  28.5         28.48914302  28.5
   28.5         28.5         28.5         28.5         28.5       ]
 [ 28.5         28.47729957  28.49141994  28.5         28.5         28.5
   28.5         28.5         28.38846802  28.47504623  28.45824164
   28.48986043  28.5         28.5         28.47735295  28.5         28.5       ]
 [ 28.47721041  28.49262503  28.5         28.5         28.5         28.5
   28.5         28.5         28.5         28.24799716  28.49361922  28.5
   28.5         28.5         28.41667868  28.5         28.5       ]
 [ 28.5         27.9869316   28.5         28.30201127  28.5         28.39747886
   28.40027206  28.5         28.5         28.49894467  28.5         28.5
   28.5         28.49231615  28.5         28.49118009  28.5       ]
 [ 28.49479182  28.5         27.49219374  28.5         28.5         28.41540123
   28.39188652  28.5         28.46809878  28.5         28.5         28.5
   28.44556842  28.46799578  28.5         28.5         28.5       ]
 [ 28.43925117  28.43874203  28.42518157  28.43146415  28.44300255
   28.48099544  28.4140804   28.48079364  28.5         28.5         28.5
   28.5         28.46344039  28.5         28.5         28.5         28.5       ]
 [ 28.5         28.5         28.5         28.5         28.5         28.49794627
   28.41614671  28.37372465  28.5         28.47392633  28.5         28.5
   28.48056657  28.5         28.5         28.5         28.5       ]
 [ 28.5         28.49827694  28.5         28.5         28.46611437  28.5
   28.5         28.5         28.5         28.5         28.47513964  28.5
   28.49655464  28.5         28.5         28.5         28.5       ]
 [ 28.5         28.5         28.5         28.5         28.47345255  28.5
   28.5         28.5         28.5         28.4320291   28.5         28.5
   28.5         28.48912369  28.5         28.5         28.5       ]
 [ 28.5         28.5         28.5         28.5         28.47564755  28.5
   28.5         28.5         28.5         28.38861427  28.5         28.5
   28.5         28.47502988  28.45794666  28.47731113  28.48985809]
 [ 28.5         28.5         28.49273245  28.5         28.5         28.48168097
   28.48639268  28.5         28.5         28.5         28.45930794  28.5
   28.5         28.5         28.49991136  28.47467056  28.23919226]
 [ 28.5         28.5         28.5         28.5         28.5         28.27954041
   27.99870309  28.34618592  28.5         28.5         28.49899257  28.5
   28.5         28.5         28.5         28.49241244  28.49122868]]
Effective wind speeds: [[ 15.          15.          15.          14.72348292  15.          14.54677691
   14.95427873  14.94328959  15.          15.          15.          14.98321075
   15.          15.          14.96720787  15.          14.99740973]
 [ 15.          15.          15.          14.99817582  15.          14.9725343
   14.99527141  15.          14.99760893  14.99868846  14.9677076
   14.96822643  14.98722163  14.95727818  14.96358966  14.95226805
   14.99983667]
 [ 15.          15.          15.          15.          15.          15.
   15.          15.          14.95583723  14.94756462  14.98974873
   14.95680246  15.          15.          15.          15.          15.        ]
 [ 14.9990849   15.          15.          14.98218737  15.          15.
   15.          15.          15.          14.998133    15.          14.98698645
   15.          15.          15.          15.          15.        ]
 [ 15.          15.          14.98612419  15.          15.          15.
   15.          15.          14.96364559  15.          14.99411053  15.
   15.          15.          15.          15.          15.        ]
 [ 15.          14.98803686  14.99546128  15.          15.          15.
   15.          15.          14.94101862  14.98689007  14.97805828
   14.99463933  15.          15.          14.98805721  15.          15.        ]
 [ 14.98799686  14.99617027  15.          15.          15.          15.
   15.          15.          14.99982579  14.86872895  14.99670469  15.
   15.          15.          14.95519786  15.          15.        ]
 [ 15.          14.72976004  15.          14.89606552  15.          14.94583426
   14.94729698  15.          15.          14.99946054  15.          15.
   14.99974044  14.99601677  15.          14.99536003  15.        ]
 [ 14.99740973  15.          14.46899211  15.          15.          14.9553453
   14.94329065  15.          14.98321075  15.          15.          15.
   14.97174197  14.98336246  15.          15.          15.        ]
 [ 14.96811542  14.96770185  14.96065274  14.96381734  14.96987411
   14.99013034  14.95481456  14.9897212   15.          15.          15.
   15.          14.98095213  15.          15.          15.          15.        ]
 [ 15.          15.          15.          15.          15.          14.9989199
   14.95583091  14.93351144  15.          14.98610598  15.          15.
   14.98974873  15.          15.          15.          15.        ]
 [ 15.          14.9990849   15.          15.          14.98218737  15.
   15.          15.          15.          15.          14.98698645  15.
   14.998133    15.          15.          15.          15.        ]
 [ 15.          15.          15.          15.          14.98612419  15.
   15.          15.          15.          14.96364559  15.          15.
   15.          14.99411053  15.          15.          15.        ]
 [ 15.          15.          15.          15.          14.98720482  15.
   15.          15.          15.          14.94101921  15.          15.
   15.          14.98688741  14.97805828  14.98805721  14.99463933]
 [ 15.          15.          14.99617027  15.          15.          14.99037187
   14.9928324   15.          15.          15.          14.97833317  15.
   15.          15.          14.99996062  14.98654821  14.8636189 ]
 [ 15.          15.          15.          15.          15.          14.88438405
   14.73618523  14.91889349  15.          15.          14.99946054  15.
   15.          15.          15.          14.99601677  14.99535277]] m/s
Max SPL: 58.1347856327 dB
SPL: [[ 45.99749592  50.12152947  53.865526    52.09730207  45.22535452
   44.69209127  52.4429096   52.39525854  50.45550475  51.07175106
   58.03347114  53.86442151]
 [ 45.97725727  50.28270817  54.43698098  53.11603571  45.63623164
   44.80842999  52.20034236  52.42350163  50.43121695  51.0582167
   57.98197876  53.90234137]
 [ 46.27754994  50.13730269  54.79997419  53.13203045  45.35568144
   44.82306932  52.56503959  52.33501844  50.40841208  51.07082477
   58.1338363   53.91543668]
 [ 46.04669005  49.83758009  54.81386519  52.9842224   45.35380651
   44.82187758  52.47846621  52.34399684  50.38288207  51.01005181
   58.02598089  53.90783641]
 [ 46.10502077  49.83613499  54.87291345  53.16306131  45.33533306
   44.94431843  52.47127677  51.61892482  48.957483    50.9486005
   57.708706    53.8946344 ]
 [ 46.05468815  50.18345985  54.92238376  53.18718946  45.38424074
   44.97618362  52.42973903  52.05242413  50.38073628  51.08407067
   54.81894626  53.79202184]
 [ 46.04528147  50.13323338  54.88366822  53.16303236  45.34804664
   44.81345497  51.565383    52.34743166  50.43716044  51.07950549
   57.13314364  51.43762853]
 [ 45.99426234  50.10027096  54.76298519  52.99300009  45.26360996
   44.74109283  52.52292905  52.3130036   50.66871286  51.10807241
   57.93775994  53.68849318]
 [ 45.99764157  50.11754061  53.56541021  51.98112829  45.27145044
   44.73555977  52.43966193  52.39638565  50.46946208  51.0746751
   58.0701406   53.86836946]
 [ 45.94058585  50.2430225   54.39141908  53.07293738  45.60572447
   44.78039993  52.2336092   52.44598608  50.46629219  51.09421231
   58.02870743  53.95577836]
 [ 46.27106951  50.13595702  54.79842595  53.12966585  45.34553102
   44.81287431  52.58157448  52.38290173  50.45378823  51.08788921
   58.13478563  53.91645455]
 [ 46.04754256  49.83847426  54.81509744  52.98649561  45.35549045
   44.82339469  52.47233767  52.34931904  50.39288131  51.00430492
   58.02581608  53.90767362]
 [ 46.1053618   49.83640124  54.88395608  53.17073987  45.33595204
   44.94485759  52.46821143  51.62901347  48.95811197  50.94922418
   57.7084827   53.89430462]
 [ 46.05663463  50.1863431   54.92636673  53.19057887  45.38523238
   44.97537844  52.43198682  52.06958567  50.38800396  51.09206765
   54.80706415  53.77865573]
 [ 46.05468608  50.14495518  54.88053807  53.16089917  45.35011036
   44.81573134  51.59379656  52.37110786  50.44578397  51.0864694
   57.17787604  51.42393256]
 [ 46.03729513  50.14259863  54.79831615  53.04914909  45.28089167
   44.75595112  52.52339623  52.31297803  50.66886024  51.107988
   57.93784268  53.68876523]] dB
